(kicad_pcb (version 20171130) (host pcbnew "(5.1.5)-3")

  (general
    (thickness 1.6)
    (drawings 0)
    (tracks 0)
    (zones 0)
    (modules 119)
    (nets 123)
  )

  (page A4)
  (layers
    (0 F.Cu signal)
    (31 B.Cu signal)
    (32 B.Adhes user)
    (33 F.Adhes user)
    (34 B.Paste user)
    (35 F.Paste user)
    (36 B.SilkS user)
    (37 F.SilkS user)
    (38 B.Mask user)
    (39 F.Mask user)
    (40 Dwgs.User user)
    (41 Cmts.User user)
    (42 Eco1.User user)
    (43 Eco2.User user)
    (44 Edge.Cuts user)
    (45 Margin user)
    (46 B.CrtYd user)
    (47 F.CrtYd user)
    (48 B.Fab user)
    (49 F.Fab user)
  )

  (setup
    (last_trace_width 0.25)
    (trace_clearance 0.2)
    (zone_clearance 0.508)
    (zone_45_only no)
    (trace_min 0.2)
    (via_size 0.8)
    (via_drill 0.4)
    (via_min_size 0.4)
    (via_min_drill 0.3)
    (uvia_size 0.3)
    (uvia_drill 0.1)
    (uvias_allowed no)
    (uvia_min_size 0.2)
    (uvia_min_drill 0.1)
    (edge_width 0.05)
    (segment_width 0.2)
    (pcb_text_width 0.3)
    (pcb_text_size 1.5 1.5)
    (mod_edge_width 0.12)
    (mod_text_size 1 1)
    (mod_text_width 0.15)
    (pad_size 1.524 1.524)
    (pad_drill 0.762)
    (pad_to_mask_clearance 0.051)
    (solder_mask_min_width 0.25)
    (aux_axis_origin 0 0)
    (visible_elements FFFFFF7F)
    (pcbplotparams
      (layerselection 0x010fc_ffffffff)
      (usegerberextensions false)
      (usegerberattributes false)
      (usegerberadvancedattributes false)
      (creategerberjobfile false)
      (excludeedgelayer true)
      (linewidth 0.100000)
      (plotframeref false)
      (viasonmask false)
      (mode 1)
      (useauxorigin false)
      (hpglpennumber 1)
      (hpglpenspeed 20)
      (hpglpendiameter 15.000000)
      (psnegative false)
      (psa4output false)
      (plotreference true)
      (plotvalue true)
      (plotinvisibletext false)
      (padsonsilk false)
      (subtractmaskfromsilk false)
      (outputformat 1)
      (mirror false)
      (drillshape 1)
      (scaleselection 1)
      (outputdirectory ""))
  )

  (net 0 "")
  (net 1 "Net-(C1-Pad1)")
  (net 2 GND)
  (net 3 /PF0_OSC)
  (net 4 /PF1_OSC)
  (net 5 +3V3)
  (net 6 /NRST)
  (net 7 /pot_ext)
  (net 8 "Net-(D1-Pad2)")
  (net 9 "Net-(D2-Pad2)")
  (net 10 "Net-(D3-Pad2)")
  (net 11 "Net-(D4-Pad2)")
  (net 12 "Net-(D5-Pad2)")
  (net 13 "Net-(D6-Pad2)")
  (net 14 "Net-(D7-Pad2)")
  (net 15 "Net-(D7-Pad1)")
  (net 16 "Net-(D8-Pad2)")
  (net 17 "Net-(D9-Pad2)")
  (net 18 "Net-(D10-Pad2)")
  (net 19 "Net-(D11-Pad2)")
  (net 20 "Net-(D12-Pad2)")
  (net 21 "Net-(D13-Pad2)")
  (net 22 "Net-(D14-Pad2)")
  (net 23 "Net-(D17-Pad2)")
  (net 24 "Net-(D18-Pad2)")
  (net 25 "Net-(D19-Pad1)")
  (net 26 /led0)
  (net 27 /led1)
  (net 28 "Net-(D20-Pad1)")
  (net 29 "Net-(D21-Pad1)")
  (net 30 /led2)
  (net 31 "Net-(J1-Pad1)")
  (net 32 /RCA1_L)
  (net 33 /RCA1_R)
  (net 34 /RCA1_GNDL)
  (net 35 /RCA1_GNDR)
  (net 36 /AUX1_L)
  (net 37 /AUX1_GND)
  (net 38 /AUX2_L)
  (net 39 /AUX2_GND)
  (net 40 /AUX2_R)
  (net 41 /RCA2_GNDR)
  (net 42 /RCA2_GNDL)
  (net 43 /RCA2_R)
  (net 44 /RCA2_L)
  (net 45 "Net-(J5-Pad2)")
  (net 46 "Net-(J5-Pad4)")
  (net 47 "Net-(J5-Pad1)")
  (net 48 "Net-(J5-Pad3)")
  (net 49 /SWDIO)
  (net 50 /SWDCLK)
  (net 51 "Net-(J7-Pad6)")
  (net 52 "Net-(J7-Pad7)")
  (net 53 "Net-(J7-Pad8)")
  (net 54 "Net-(J7-Pad9)")
  (net 55 /pot_ext_sense)
  (net 56 /cfg1)
  (net 57 /cfg2)
  (net 58 /rly_selectL_2)
  (net 59 /rly_selectL_1)
  (net 60 /rly_atten6)
  (net 61 /rly_atten5)
  (net 62 "Net-(Q7-Pad3)")
  (net 63 /rly_atten4)
  (net 64 /rly_atten3)
  (net 65 /rly_atten2)
  (net 66 /rly_atten1)
  (net 67 /rly_atten0)
  (net 68 /rly_mute)
  (net 69 /rly_selectL_3)
  (net 70 "Net-(R1-Pad2)")
  (net 71 "Net-(R2-Pad2)")
  (net 72 "Net-(R3-Pad2)")
  (net 73 "Net-(R3-Pad1)")
  (net 74 "Net-(R4-Pad2)")
  (net 75 "Net-(R4-Pad1)")
  (net 76 "Net-(R5-Pad2)")
  (net 77 "Net-(R6-Pad2)")
  (net 78 "Net-(R11-Pad2)")
  (net 79 "Net-(R12-Pad2)")
  (net 80 "Net-(R9-Pad2)")
  (net 81 "Net-(R10-Pad2)")
  (net 82 "Net-(R11-Pad1)")
  (net 83 "Net-(R12-Pad1)")
  (net 84 "Net-(R13-Pad2)")
  (net 85 "Net-(R14-Pad2)")
  (net 86 "Net-(R15-Pad1)")
  (net 87 "Net-(R16-Pad1)")
  (net 88 "Net-(R17-Pad2)")
  (net 89 "Net-(R18-Pad2)")
  (net 90 "Net-(R19-Pad1)")
  (net 91 "Net-(R20-Pad1)")
  (net 92 "Net-(R21-Pad2)")
  (net 93 "Net-(R22-Pad2)")
  (net 94 "Net-(R23-Pad1)")
  (net 95 "Net-(R24-Pad1)")
  (net 96 "Net-(R25-Pad2)")
  (net 97 "Net-(R26-Pad2)")
  (net 98 "Net-(R27-Pad1)")
  (net 99 "Net-(R28-Pad1)")
  (net 100 "Net-(R29-Pad2)")
  (net 101 "Net-(R31-Pad1)")
  (net 102 "Net-(R33-Pad2)")
  (net 103 "Net-(R34-Pad2)")
  (net 104 "Net-(R38-Pad2)")
  (net 105 "Net-(R40-Pad2)")
  (net 106 /poti)
  (net 107 "Net-(SW1-Pad1)")
  (net 108 "Net-(SW1-Pad2)")
  (net 109 "Net-(SW1-Pad3)")
  (net 110 /btn)
  (net 111 "Net-(TP2-Pad1)")
  (net 112 "Net-(U8-Pad3)")
  (net 113 "Net-(U8-Pad6)")
  (net 114 "Net-(U13-Pad6)")
  (net 115 "Net-(U13-Pad3)")
  (net 116 "Net-(U10-Pad2)")
  (net 117 "Net-(U10-Pad4)")
  (net 118 "Net-(U10-Pad5)")
  (net 119 "Net-(U10-Pad7)")
  (net 120 /AUX1_R)
  (net 121 "Net-(Y1-Pad2)")
  (net 122 "Net-(Y1-Pad4)")

  (net_class Default "This is the default net class."
    (clearance 0.2)
    (trace_width 0.25)
    (via_dia 0.8)
    (via_drill 0.4)
    (uvia_dia 0.3)
    (uvia_drill 0.1)
    (add_net +3V3)
    (add_net /AUX1_GND)
    (add_net /AUX1_L)
    (add_net /AUX1_R)
    (add_net /AUX2_GND)
    (add_net /AUX2_L)
    (add_net /AUX2_R)
    (add_net /NRST)
    (add_net /PF0_OSC)
    (add_net /PF1_OSC)
    (add_net /RCA1_GNDL)
    (add_net /RCA1_GNDR)
    (add_net /RCA1_L)
    (add_net /RCA1_R)
    (add_net /RCA2_GNDL)
    (add_net /RCA2_GNDR)
    (add_net /RCA2_L)
    (add_net /RCA2_R)
    (add_net /SWDCLK)
    (add_net /SWDIO)
    (add_net /btn)
    (add_net /cfg1)
    (add_net /cfg2)
    (add_net /led0)
    (add_net /led1)
    (add_net /led2)
    (add_net /pot_ext)
    (add_net /pot_ext_sense)
    (add_net /poti)
    (add_net /rly_atten0)
    (add_net /rly_atten1)
    (add_net /rly_atten2)
    (add_net /rly_atten3)
    (add_net /rly_atten4)
    (add_net /rly_atten5)
    (add_net /rly_atten6)
    (add_net /rly_mute)
    (add_net /rly_selectL_1)
    (add_net /rly_selectL_2)
    (add_net /rly_selectL_3)
    (add_net GND)
    (add_net "Net-(C1-Pad1)")
    (add_net "Net-(D1-Pad2)")
    (add_net "Net-(D10-Pad2)")
    (add_net "Net-(D11-Pad2)")
    (add_net "Net-(D12-Pad2)")
    (add_net "Net-(D13-Pad2)")
    (add_net "Net-(D14-Pad2)")
    (add_net "Net-(D17-Pad2)")
    (add_net "Net-(D18-Pad2)")
    (add_net "Net-(D19-Pad1)")
    (add_net "Net-(D2-Pad2)")
    (add_net "Net-(D20-Pad1)")
    (add_net "Net-(D21-Pad1)")
    (add_net "Net-(D3-Pad2)")
    (add_net "Net-(D4-Pad2)")
    (add_net "Net-(D5-Pad2)")
    (add_net "Net-(D6-Pad2)")
    (add_net "Net-(D7-Pad1)")
    (add_net "Net-(D7-Pad2)")
    (add_net "Net-(D8-Pad2)")
    (add_net "Net-(D9-Pad2)")
    (add_net "Net-(J1-Pad1)")
    (add_net "Net-(J5-Pad1)")
    (add_net "Net-(J5-Pad2)")
    (add_net "Net-(J5-Pad3)")
    (add_net "Net-(J5-Pad4)")
    (add_net "Net-(J7-Pad6)")
    (add_net "Net-(J7-Pad7)")
    (add_net "Net-(J7-Pad8)")
    (add_net "Net-(J7-Pad9)")
    (add_net "Net-(Q7-Pad3)")
    (add_net "Net-(R1-Pad2)")
    (add_net "Net-(R10-Pad2)")
    (add_net "Net-(R11-Pad1)")
    (add_net "Net-(R11-Pad2)")
    (add_net "Net-(R12-Pad1)")
    (add_net "Net-(R12-Pad2)")
    (add_net "Net-(R13-Pad2)")
    (add_net "Net-(R14-Pad2)")
    (add_net "Net-(R15-Pad1)")
    (add_net "Net-(R16-Pad1)")
    (add_net "Net-(R17-Pad2)")
    (add_net "Net-(R18-Pad2)")
    (add_net "Net-(R19-Pad1)")
    (add_net "Net-(R2-Pad2)")
    (add_net "Net-(R20-Pad1)")
    (add_net "Net-(R21-Pad2)")
    (add_net "Net-(R22-Pad2)")
    (add_net "Net-(R23-Pad1)")
    (add_net "Net-(R24-Pad1)")
    (add_net "Net-(R25-Pad2)")
    (add_net "Net-(R26-Pad2)")
    (add_net "Net-(R27-Pad1)")
    (add_net "Net-(R28-Pad1)")
    (add_net "Net-(R29-Pad2)")
    (add_net "Net-(R3-Pad1)")
    (add_net "Net-(R3-Pad2)")
    (add_net "Net-(R31-Pad1)")
    (add_net "Net-(R33-Pad2)")
    (add_net "Net-(R34-Pad2)")
    (add_net "Net-(R38-Pad2)")
    (add_net "Net-(R4-Pad1)")
    (add_net "Net-(R4-Pad2)")
    (add_net "Net-(R40-Pad2)")
    (add_net "Net-(R5-Pad2)")
    (add_net "Net-(R6-Pad2)")
    (add_net "Net-(R9-Pad2)")
    (add_net "Net-(SW1-Pad1)")
    (add_net "Net-(SW1-Pad2)")
    (add_net "Net-(SW1-Pad3)")
    (add_net "Net-(TP2-Pad1)")
    (add_net "Net-(U10-Pad2)")
    (add_net "Net-(U10-Pad4)")
    (add_net "Net-(U10-Pad5)")
    (add_net "Net-(U10-Pad7)")
    (add_net "Net-(U13-Pad3)")
    (add_net "Net-(U13-Pad6)")
    (add_net "Net-(U8-Pad3)")
    (add_net "Net-(U8-Pad6)")
    (add_net "Net-(Y1-Pad2)")
    (add_net "Net-(Y1-Pad4)")
  )

  (module Capacitor_SMD:CP_Elec_8x6.9 (layer F.Cu) (tedit 5BCA39D0) (tstamp 5E7AE9FB)
    (at 93.455001 105.740001)
    (descr "SMD capacitor, aluminum electrolytic, Panasonic E7, 8.0x6.9mm")
    (tags "capacitor electrolytic")
    (path /5F4FF1B5)
    (attr smd)
    (fp_text reference C1 (at 0 -5.2) (layer F.SilkS)
      (effects (font (size 1 1) (thickness 0.15)))
    )
    (fp_text value 100u (at 0 5.2) (layer F.Fab)
      (effects (font (size 1 1) (thickness 0.15)))
    )
    (fp_circle (center 0 0) (end 4 0) (layer F.Fab) (width 0.1))
    (fp_line (start 4.15 -4.15) (end 4.15 4.15) (layer F.Fab) (width 0.1))
    (fp_line (start -3.15 -4.15) (end 4.15 -4.15) (layer F.Fab) (width 0.1))
    (fp_line (start -3.15 4.15) (end 4.15 4.15) (layer F.Fab) (width 0.1))
    (fp_line (start -4.15 -3.15) (end -4.15 3.15) (layer F.Fab) (width 0.1))
    (fp_line (start -4.15 -3.15) (end -3.15 -4.15) (layer F.Fab) (width 0.1))
    (fp_line (start -4.15 3.15) (end -3.15 4.15) (layer F.Fab) (width 0.1))
    (fp_line (start -3.562278 -1.5) (end -2.762278 -1.5) (layer F.Fab) (width 0.1))
    (fp_line (start -3.162278 -1.9) (end -3.162278 -1.1) (layer F.Fab) (width 0.1))
    (fp_line (start 4.26 4.26) (end 4.26 1.21) (layer F.SilkS) (width 0.12))
    (fp_line (start 4.26 -4.26) (end 4.26 -1.21) (layer F.SilkS) (width 0.12))
    (fp_line (start -3.195563 -4.26) (end 4.26 -4.26) (layer F.SilkS) (width 0.12))
    (fp_line (start -3.195563 4.26) (end 4.26 4.26) (layer F.SilkS) (width 0.12))
    (fp_line (start -4.26 3.195563) (end -4.26 1.21) (layer F.SilkS) (width 0.12))
    (fp_line (start -4.26 -3.195563) (end -4.26 -1.21) (layer F.SilkS) (width 0.12))
    (fp_line (start -4.26 -3.195563) (end -3.195563 -4.26) (layer F.SilkS) (width 0.12))
    (fp_line (start -4.26 3.195563) (end -3.195563 4.26) (layer F.SilkS) (width 0.12))
    (fp_line (start -5.5 -2.21) (end -4.5 -2.21) (layer F.SilkS) (width 0.12))
    (fp_line (start -5 -2.71) (end -5 -1.71) (layer F.SilkS) (width 0.12))
    (fp_line (start 4.4 -4.4) (end 4.4 -1.2) (layer F.CrtYd) (width 0.05))
    (fp_line (start 4.4 -1.2) (end 5.8 -1.2) (layer F.CrtYd) (width 0.05))
    (fp_line (start 5.8 -1.2) (end 5.8 1.2) (layer F.CrtYd) (width 0.05))
    (fp_line (start 5.8 1.2) (end 4.4 1.2) (layer F.CrtYd) (width 0.05))
    (fp_line (start 4.4 1.2) (end 4.4 4.4) (layer F.CrtYd) (width 0.05))
    (fp_line (start -3.25 4.4) (end 4.4 4.4) (layer F.CrtYd) (width 0.05))
    (fp_line (start -3.25 -4.4) (end 4.4 -4.4) (layer F.CrtYd) (width 0.05))
    (fp_line (start -4.4 3.25) (end -3.25 4.4) (layer F.CrtYd) (width 0.05))
    (fp_line (start -4.4 -3.25) (end -3.25 -4.4) (layer F.CrtYd) (width 0.05))
    (fp_line (start -4.4 -3.25) (end -4.4 -1.2) (layer F.CrtYd) (width 0.05))
    (fp_line (start -4.4 1.2) (end -4.4 3.25) (layer F.CrtYd) (width 0.05))
    (fp_line (start -4.4 -1.2) (end -5.8 -1.2) (layer F.CrtYd) (width 0.05))
    (fp_line (start -5.8 -1.2) (end -5.8 1.2) (layer F.CrtYd) (width 0.05))
    (fp_line (start -5.8 1.2) (end -4.4 1.2) (layer F.CrtYd) (width 0.05))
    (fp_text user %R (at 0 0) (layer F.Fab)
      (effects (font (size 1 1) (thickness 0.15)))
    )
    (pad 1 smd roundrect (at -3.475 0) (size 4.15 1.9) (layers F.Cu F.Paste F.Mask) (roundrect_rratio 0.131579)
      (net 1 "Net-(C1-Pad1)"))
    (pad 2 smd roundrect (at 3.475 0) (size 4.15 1.9) (layers F.Cu F.Paste F.Mask) (roundrect_rratio 0.131579)
      (net 2 GND))
    (model ${KISYS3DMOD}/Capacitor_SMD.3dshapes/CP_Elec_8x6.9.wrl
      (at (xyz 0 0 0))
      (scale (xyz 1 1 1))
      (rotate (xyz 0 0 0))
    )
  )

  (module Capacitor_SMD:CP_Elec_8x6.9 (layer F.Cu) (tedit 5BCA39D0) (tstamp 5E7AEA23)
    (at 124.135001 78.420001)
    (descr "SMD capacitor, aluminum electrolytic, Panasonic E7, 8.0x6.9mm")
    (tags "capacitor electrolytic")
    (path /5F500437)
    (attr smd)
    (fp_text reference C2 (at 0 -5.2) (layer F.SilkS)
      (effects (font (size 1 1) (thickness 0.15)))
    )
    (fp_text value 100u (at 0 5.2) (layer F.Fab)
      (effects (font (size 1 1) (thickness 0.15)))
    )
    (fp_text user %R (at 0 0) (layer F.Fab)
      (effects (font (size 1 1) (thickness 0.15)))
    )
    (fp_line (start -5.8 1.2) (end -4.4 1.2) (layer F.CrtYd) (width 0.05))
    (fp_line (start -5.8 -1.2) (end -5.8 1.2) (layer F.CrtYd) (width 0.05))
    (fp_line (start -4.4 -1.2) (end -5.8 -1.2) (layer F.CrtYd) (width 0.05))
    (fp_line (start -4.4 1.2) (end -4.4 3.25) (layer F.CrtYd) (width 0.05))
    (fp_line (start -4.4 -3.25) (end -4.4 -1.2) (layer F.CrtYd) (width 0.05))
    (fp_line (start -4.4 -3.25) (end -3.25 -4.4) (layer F.CrtYd) (width 0.05))
    (fp_line (start -4.4 3.25) (end -3.25 4.4) (layer F.CrtYd) (width 0.05))
    (fp_line (start -3.25 -4.4) (end 4.4 -4.4) (layer F.CrtYd) (width 0.05))
    (fp_line (start -3.25 4.4) (end 4.4 4.4) (layer F.CrtYd) (width 0.05))
    (fp_line (start 4.4 1.2) (end 4.4 4.4) (layer F.CrtYd) (width 0.05))
    (fp_line (start 5.8 1.2) (end 4.4 1.2) (layer F.CrtYd) (width 0.05))
    (fp_line (start 5.8 -1.2) (end 5.8 1.2) (layer F.CrtYd) (width 0.05))
    (fp_line (start 4.4 -1.2) (end 5.8 -1.2) (layer F.CrtYd) (width 0.05))
    (fp_line (start 4.4 -4.4) (end 4.4 -1.2) (layer F.CrtYd) (width 0.05))
    (fp_line (start -5 -2.71) (end -5 -1.71) (layer F.SilkS) (width 0.12))
    (fp_line (start -5.5 -2.21) (end -4.5 -2.21) (layer F.SilkS) (width 0.12))
    (fp_line (start -4.26 3.195563) (end -3.195563 4.26) (layer F.SilkS) (width 0.12))
    (fp_line (start -4.26 -3.195563) (end -3.195563 -4.26) (layer F.SilkS) (width 0.12))
    (fp_line (start -4.26 -3.195563) (end -4.26 -1.21) (layer F.SilkS) (width 0.12))
    (fp_line (start -4.26 3.195563) (end -4.26 1.21) (layer F.SilkS) (width 0.12))
    (fp_line (start -3.195563 4.26) (end 4.26 4.26) (layer F.SilkS) (width 0.12))
    (fp_line (start -3.195563 -4.26) (end 4.26 -4.26) (layer F.SilkS) (width 0.12))
    (fp_line (start 4.26 -4.26) (end 4.26 -1.21) (layer F.SilkS) (width 0.12))
    (fp_line (start 4.26 4.26) (end 4.26 1.21) (layer F.SilkS) (width 0.12))
    (fp_line (start -3.162278 -1.9) (end -3.162278 -1.1) (layer F.Fab) (width 0.1))
    (fp_line (start -3.562278 -1.5) (end -2.762278 -1.5) (layer F.Fab) (width 0.1))
    (fp_line (start -4.15 3.15) (end -3.15 4.15) (layer F.Fab) (width 0.1))
    (fp_line (start -4.15 -3.15) (end -3.15 -4.15) (layer F.Fab) (width 0.1))
    (fp_line (start -4.15 -3.15) (end -4.15 3.15) (layer F.Fab) (width 0.1))
    (fp_line (start -3.15 4.15) (end 4.15 4.15) (layer F.Fab) (width 0.1))
    (fp_line (start -3.15 -4.15) (end 4.15 -4.15) (layer F.Fab) (width 0.1))
    (fp_line (start 4.15 -4.15) (end 4.15 4.15) (layer F.Fab) (width 0.1))
    (fp_circle (center 0 0) (end 4 0) (layer F.Fab) (width 0.1))
    (pad 2 smd roundrect (at 3.475 0) (size 4.15 1.9) (layers F.Cu F.Paste F.Mask) (roundrect_rratio 0.131579)
      (net 2 GND))
    (pad 1 smd roundrect (at -3.475 0) (size 4.15 1.9) (layers F.Cu F.Paste F.Mask) (roundrect_rratio 0.131579)
      (net 1 "Net-(C1-Pad1)"))
    (model ${KISYS3DMOD}/Capacitor_SMD.3dshapes/CP_Elec_8x6.9.wrl
      (at (xyz 0 0 0))
      (scale (xyz 1 1 1))
      (rotate (xyz 0 0 0))
    )
  )

  (module Capacitor_SMD:C_0603_1608Metric (layer F.Cu) (tedit 5B301BBE) (tstamp 5E7AEA34)
    (at 142.045001 59.470001)
    (descr "Capacitor SMD 0603 (1608 Metric), square (rectangular) end terminal, IPC_7351 nominal, (Body size source: http://www.tortai-tech.com/upload/download/2011102023233369053.pdf), generated with kicad-footprint-generator")
    (tags capacitor)
    (path /5EDF5E0B)
    (attr smd)
    (fp_text reference C3 (at 0 -1.43) (layer F.SilkS)
      (effects (font (size 1 1) (thickness 0.15)))
    )
    (fp_text value 22pf (at 0 1.43) (layer F.Fab)
      (effects (font (size 1 1) (thickness 0.15)))
    )
    (fp_line (start -0.8 0.4) (end -0.8 -0.4) (layer F.Fab) (width 0.1))
    (fp_line (start -0.8 -0.4) (end 0.8 -0.4) (layer F.Fab) (width 0.1))
    (fp_line (start 0.8 -0.4) (end 0.8 0.4) (layer F.Fab) (width 0.1))
    (fp_line (start 0.8 0.4) (end -0.8 0.4) (layer F.Fab) (width 0.1))
    (fp_line (start -0.162779 -0.51) (end 0.162779 -0.51) (layer F.SilkS) (width 0.12))
    (fp_line (start -0.162779 0.51) (end 0.162779 0.51) (layer F.SilkS) (width 0.12))
    (fp_line (start -1.48 0.73) (end -1.48 -0.73) (layer F.CrtYd) (width 0.05))
    (fp_line (start -1.48 -0.73) (end 1.48 -0.73) (layer F.CrtYd) (width 0.05))
    (fp_line (start 1.48 -0.73) (end 1.48 0.73) (layer F.CrtYd) (width 0.05))
    (fp_line (start 1.48 0.73) (end -1.48 0.73) (layer F.CrtYd) (width 0.05))
    (fp_text user %R (at 0 0) (layer F.Fab)
      (effects (font (size 0.4 0.4) (thickness 0.06)))
    )
    (pad 1 smd roundrect (at -0.7875 0) (size 0.875 0.95) (layers F.Cu F.Paste F.Mask) (roundrect_rratio 0.25)
      (net 3 /PF0_OSC))
    (pad 2 smd roundrect (at 0.7875 0) (size 0.875 0.95) (layers F.Cu F.Paste F.Mask) (roundrect_rratio 0.25)
      (net 2 GND))
    (model ${KISYS3DMOD}/Capacitor_SMD.3dshapes/C_0603_1608Metric.wrl
      (at (xyz 0 0 0))
      (scale (xyz 1 1 1))
      (rotate (xyz 0 0 0))
    )
  )

  (module Capacitor_SMD:C_0603_1608Metric (layer F.Cu) (tedit 5B301BBE) (tstamp 5E7AEA45)
    (at 138.035001 59.470001)
    (descr "Capacitor SMD 0603 (1608 Metric), square (rectangular) end terminal, IPC_7351 nominal, (Body size source: http://www.tortai-tech.com/upload/download/2011102023233369053.pdf), generated with kicad-footprint-generator")
    (tags capacitor)
    (path /5ED96D0F)
    (attr smd)
    (fp_text reference C4 (at 0 -1.43) (layer F.SilkS)
      (effects (font (size 1 1) (thickness 0.15)))
    )
    (fp_text value 22pf (at 0 1.43) (layer F.Fab)
      (effects (font (size 1 1) (thickness 0.15)))
    )
    (fp_text user %R (at 0 0) (layer F.Fab)
      (effects (font (size 0.4 0.4) (thickness 0.06)))
    )
    (fp_line (start 1.48 0.73) (end -1.48 0.73) (layer F.CrtYd) (width 0.05))
    (fp_line (start 1.48 -0.73) (end 1.48 0.73) (layer F.CrtYd) (width 0.05))
    (fp_line (start -1.48 -0.73) (end 1.48 -0.73) (layer F.CrtYd) (width 0.05))
    (fp_line (start -1.48 0.73) (end -1.48 -0.73) (layer F.CrtYd) (width 0.05))
    (fp_line (start -0.162779 0.51) (end 0.162779 0.51) (layer F.SilkS) (width 0.12))
    (fp_line (start -0.162779 -0.51) (end 0.162779 -0.51) (layer F.SilkS) (width 0.12))
    (fp_line (start 0.8 0.4) (end -0.8 0.4) (layer F.Fab) (width 0.1))
    (fp_line (start 0.8 -0.4) (end 0.8 0.4) (layer F.Fab) (width 0.1))
    (fp_line (start -0.8 -0.4) (end 0.8 -0.4) (layer F.Fab) (width 0.1))
    (fp_line (start -0.8 0.4) (end -0.8 -0.4) (layer F.Fab) (width 0.1))
    (pad 2 smd roundrect (at 0.7875 0) (size 0.875 0.95) (layers F.Cu F.Paste F.Mask) (roundrect_rratio 0.25)
      (net 4 /PF1_OSC))
    (pad 1 smd roundrect (at -0.7875 0) (size 0.875 0.95) (layers F.Cu F.Paste F.Mask) (roundrect_rratio 0.25)
      (net 2 GND))
    (model ${KISYS3DMOD}/Capacitor_SMD.3dshapes/C_0603_1608Metric.wrl
      (at (xyz 0 0 0))
      (scale (xyz 1 1 1))
      (rotate (xyz 0 0 0))
    )
  )

  (module Capacitor_SMD:C_0603_1608Metric (layer F.Cu) (tedit 5B301BBE) (tstamp 5E7AEA56)
    (at 134.025001 59.470001)
    (descr "Capacitor SMD 0603 (1608 Metric), square (rectangular) end terminal, IPC_7351 nominal, (Body size source: http://www.tortai-tech.com/upload/download/2011102023233369053.pdf), generated with kicad-footprint-generator")
    (tags capacitor)
    (path /627C3A3C)
    (attr smd)
    (fp_text reference C6 (at 0 -1.43) (layer F.SilkS)
      (effects (font (size 1 1) (thickness 0.15)))
    )
    (fp_text value 1uf (at 0 1.43) (layer F.Fab)
      (effects (font (size 1 1) (thickness 0.15)))
    )
    (fp_line (start -0.8 0.4) (end -0.8 -0.4) (layer F.Fab) (width 0.1))
    (fp_line (start -0.8 -0.4) (end 0.8 -0.4) (layer F.Fab) (width 0.1))
    (fp_line (start 0.8 -0.4) (end 0.8 0.4) (layer F.Fab) (width 0.1))
    (fp_line (start 0.8 0.4) (end -0.8 0.4) (layer F.Fab) (width 0.1))
    (fp_line (start -0.162779 -0.51) (end 0.162779 -0.51) (layer F.SilkS) (width 0.12))
    (fp_line (start -0.162779 0.51) (end 0.162779 0.51) (layer F.SilkS) (width 0.12))
    (fp_line (start -1.48 0.73) (end -1.48 -0.73) (layer F.CrtYd) (width 0.05))
    (fp_line (start -1.48 -0.73) (end 1.48 -0.73) (layer F.CrtYd) (width 0.05))
    (fp_line (start 1.48 -0.73) (end 1.48 0.73) (layer F.CrtYd) (width 0.05))
    (fp_line (start 1.48 0.73) (end -1.48 0.73) (layer F.CrtYd) (width 0.05))
    (fp_text user %R (at 0 0) (layer F.Fab)
      (effects (font (size 0.4 0.4) (thickness 0.06)))
    )
    (pad 1 smd roundrect (at -0.7875 0) (size 0.875 0.95) (layers F.Cu F.Paste F.Mask) (roundrect_rratio 0.25)
      (net 5 +3V3))
    (pad 2 smd roundrect (at 0.7875 0) (size 0.875 0.95) (layers F.Cu F.Paste F.Mask) (roundrect_rratio 0.25)
      (net 2 GND))
    (model ${KISYS3DMOD}/Capacitor_SMD.3dshapes/C_0603_1608Metric.wrl
      (at (xyz 0 0 0))
      (scale (xyz 1 1 1))
      (rotate (xyz 0 0 0))
    )
  )

  (module Capacitor_SMD:C_0603_1608Metric (layer F.Cu) (tedit 5B301BBE) (tstamp 5E7AEA67)
    (at 130.015001 59.470001)
    (descr "Capacitor SMD 0603 (1608 Metric), square (rectangular) end terminal, IPC_7351 nominal, (Body size source: http://www.tortai-tech.com/upload/download/2011102023233369053.pdf), generated with kicad-footprint-generator")
    (tags capacitor)
    (path /63B23DD8)
    (attr smd)
    (fp_text reference C7 (at 0 -1.43) (layer F.SilkS)
      (effects (font (size 1 1) (thickness 0.15)))
    )
    (fp_text value 0u1 (at 0 1.43) (layer F.Fab)
      (effects (font (size 1 1) (thickness 0.15)))
    )
    (fp_line (start -0.8 0.4) (end -0.8 -0.4) (layer F.Fab) (width 0.1))
    (fp_line (start -0.8 -0.4) (end 0.8 -0.4) (layer F.Fab) (width 0.1))
    (fp_line (start 0.8 -0.4) (end 0.8 0.4) (layer F.Fab) (width 0.1))
    (fp_line (start 0.8 0.4) (end -0.8 0.4) (layer F.Fab) (width 0.1))
    (fp_line (start -0.162779 -0.51) (end 0.162779 -0.51) (layer F.SilkS) (width 0.12))
    (fp_line (start -0.162779 0.51) (end 0.162779 0.51) (layer F.SilkS) (width 0.12))
    (fp_line (start -1.48 0.73) (end -1.48 -0.73) (layer F.CrtYd) (width 0.05))
    (fp_line (start -1.48 -0.73) (end 1.48 -0.73) (layer F.CrtYd) (width 0.05))
    (fp_line (start 1.48 -0.73) (end 1.48 0.73) (layer F.CrtYd) (width 0.05))
    (fp_line (start 1.48 0.73) (end -1.48 0.73) (layer F.CrtYd) (width 0.05))
    (fp_text user %R (at 0 0) (layer F.Fab)
      (effects (font (size 0.4 0.4) (thickness 0.06)))
    )
    (pad 1 smd roundrect (at -0.7875 0) (size 0.875 0.95) (layers F.Cu F.Paste F.Mask) (roundrect_rratio 0.25)
      (net 6 /NRST))
    (pad 2 smd roundrect (at 0.7875 0) (size 0.875 0.95) (layers F.Cu F.Paste F.Mask) (roundrect_rratio 0.25)
      (net 2 GND))
    (model ${KISYS3DMOD}/Capacitor_SMD.3dshapes/C_0603_1608Metric.wrl
      (at (xyz 0 0 0))
      (scale (xyz 1 1 1))
      (rotate (xyz 0 0 0))
    )
  )

  (module Capacitor_SMD:C_0603_1608Metric (layer F.Cu) (tedit 5B301BBE) (tstamp 5E7AEA78)
    (at 126.005001 59.470001)
    (descr "Capacitor SMD 0603 (1608 Metric), square (rectangular) end terminal, IPC_7351 nominal, (Body size source: http://www.tortai-tech.com/upload/download/2011102023233369053.pdf), generated with kicad-footprint-generator")
    (tags capacitor)
    (path /62AEC973)
    (attr smd)
    (fp_text reference C8 (at 0 -1.43) (layer F.SilkS)
      (effects (font (size 1 1) (thickness 0.15)))
    )
    (fp_text value 0u1 (at 0 1.43) (layer F.Fab)
      (effects (font (size 1 1) (thickness 0.15)))
    )
    (fp_text user %R (at 0 0) (layer F.Fab)
      (effects (font (size 0.4 0.4) (thickness 0.06)))
    )
    (fp_line (start 1.48 0.73) (end -1.48 0.73) (layer F.CrtYd) (width 0.05))
    (fp_line (start 1.48 -0.73) (end 1.48 0.73) (layer F.CrtYd) (width 0.05))
    (fp_line (start -1.48 -0.73) (end 1.48 -0.73) (layer F.CrtYd) (width 0.05))
    (fp_line (start -1.48 0.73) (end -1.48 -0.73) (layer F.CrtYd) (width 0.05))
    (fp_line (start -0.162779 0.51) (end 0.162779 0.51) (layer F.SilkS) (width 0.12))
    (fp_line (start -0.162779 -0.51) (end 0.162779 -0.51) (layer F.SilkS) (width 0.12))
    (fp_line (start 0.8 0.4) (end -0.8 0.4) (layer F.Fab) (width 0.1))
    (fp_line (start 0.8 -0.4) (end 0.8 0.4) (layer F.Fab) (width 0.1))
    (fp_line (start -0.8 -0.4) (end 0.8 -0.4) (layer F.Fab) (width 0.1))
    (fp_line (start -0.8 0.4) (end -0.8 -0.4) (layer F.Fab) (width 0.1))
    (pad 2 smd roundrect (at 0.7875 0) (size 0.875 0.95) (layers F.Cu F.Paste F.Mask) (roundrect_rratio 0.25)
      (net 2 GND))
    (pad 1 smd roundrect (at -0.7875 0) (size 0.875 0.95) (layers F.Cu F.Paste F.Mask) (roundrect_rratio 0.25)
      (net 5 +3V3))
    (model ${KISYS3DMOD}/Capacitor_SMD.3dshapes/C_0603_1608Metric.wrl
      (at (xyz 0 0 0))
      (scale (xyz 1 1 1))
      (rotate (xyz 0 0 0))
    )
  )

  (module Capacitor_SMD:C_0603_1608Metric (layer F.Cu) (tedit 5B301BBE) (tstamp 5E7AEA89)
    (at 176.915001 83.010001)
    (descr "Capacitor SMD 0603 (1608 Metric), square (rectangular) end terminal, IPC_7351 nominal, (Body size source: http://www.tortai-tech.com/upload/download/2011102023233369053.pdf), generated with kicad-footprint-generator")
    (tags capacitor)
    (path /62AEC30F)
    (attr smd)
    (fp_text reference C9 (at 0 -1.43) (layer F.SilkS)
      (effects (font (size 1 1) (thickness 0.15)))
    )
    (fp_text value 0u1 (at 0 1.43) (layer F.Fab)
      (effects (font (size 1 1) (thickness 0.15)))
    )
    (fp_line (start -0.8 0.4) (end -0.8 -0.4) (layer F.Fab) (width 0.1))
    (fp_line (start -0.8 -0.4) (end 0.8 -0.4) (layer F.Fab) (width 0.1))
    (fp_line (start 0.8 -0.4) (end 0.8 0.4) (layer F.Fab) (width 0.1))
    (fp_line (start 0.8 0.4) (end -0.8 0.4) (layer F.Fab) (width 0.1))
    (fp_line (start -0.162779 -0.51) (end 0.162779 -0.51) (layer F.SilkS) (width 0.12))
    (fp_line (start -0.162779 0.51) (end 0.162779 0.51) (layer F.SilkS) (width 0.12))
    (fp_line (start -1.48 0.73) (end -1.48 -0.73) (layer F.CrtYd) (width 0.05))
    (fp_line (start -1.48 -0.73) (end 1.48 -0.73) (layer F.CrtYd) (width 0.05))
    (fp_line (start 1.48 -0.73) (end 1.48 0.73) (layer F.CrtYd) (width 0.05))
    (fp_line (start 1.48 0.73) (end -1.48 0.73) (layer F.CrtYd) (width 0.05))
    (fp_text user %R (at 0 0) (layer F.Fab)
      (effects (font (size 0.4 0.4) (thickness 0.06)))
    )
    (pad 1 smd roundrect (at -0.7875 0) (size 0.875 0.95) (layers F.Cu F.Paste F.Mask) (roundrect_rratio 0.25)
      (net 5 +3V3))
    (pad 2 smd roundrect (at 0.7875 0) (size 0.875 0.95) (layers F.Cu F.Paste F.Mask) (roundrect_rratio 0.25)
      (net 2 GND))
    (model ${KISYS3DMOD}/Capacitor_SMD.3dshapes/C_0603_1608Metric.wrl
      (at (xyz 0 0 0))
      (scale (xyz 1 1 1))
      (rotate (xyz 0 0 0))
    )
  )

  (module Capacitor_SMD:C_0603_1608Metric (layer F.Cu) (tedit 5B301BBE) (tstamp 5E7AEA9A)
    (at 150.315001 110.210001)
    (descr "Capacitor SMD 0603 (1608 Metric), square (rectangular) end terminal, IPC_7351 nominal, (Body size source: http://www.tortai-tech.com/upload/download/2011102023233369053.pdf), generated with kicad-footprint-generator")
    (tags capacitor)
    (path /62AEB26C)
    (attr smd)
    (fp_text reference C10 (at 0 -1.43) (layer F.SilkS)
      (effects (font (size 1 1) (thickness 0.15)))
    )
    (fp_text value 1u (at 0 1.43) (layer F.Fab)
      (effects (font (size 1 1) (thickness 0.15)))
    )
    (fp_text user %R (at 0 0) (layer F.Fab)
      (effects (font (size 0.4 0.4) (thickness 0.06)))
    )
    (fp_line (start 1.48 0.73) (end -1.48 0.73) (layer F.CrtYd) (width 0.05))
    (fp_line (start 1.48 -0.73) (end 1.48 0.73) (layer F.CrtYd) (width 0.05))
    (fp_line (start -1.48 -0.73) (end 1.48 -0.73) (layer F.CrtYd) (width 0.05))
    (fp_line (start -1.48 0.73) (end -1.48 -0.73) (layer F.CrtYd) (width 0.05))
    (fp_line (start -0.162779 0.51) (end 0.162779 0.51) (layer F.SilkS) (width 0.12))
    (fp_line (start -0.162779 -0.51) (end 0.162779 -0.51) (layer F.SilkS) (width 0.12))
    (fp_line (start 0.8 0.4) (end -0.8 0.4) (layer F.Fab) (width 0.1))
    (fp_line (start 0.8 -0.4) (end 0.8 0.4) (layer F.Fab) (width 0.1))
    (fp_line (start -0.8 -0.4) (end 0.8 -0.4) (layer F.Fab) (width 0.1))
    (fp_line (start -0.8 0.4) (end -0.8 -0.4) (layer F.Fab) (width 0.1))
    (pad 2 smd roundrect (at 0.7875 0) (size 0.875 0.95) (layers F.Cu F.Paste F.Mask) (roundrect_rratio 0.25)
      (net 2 GND))
    (pad 1 smd roundrect (at -0.7875 0) (size 0.875 0.95) (layers F.Cu F.Paste F.Mask) (roundrect_rratio 0.25)
      (net 5 +3V3))
    (model ${KISYS3DMOD}/Capacitor_SMD.3dshapes/C_0603_1608Metric.wrl
      (at (xyz 0 0 0))
      (scale (xyz 1 1 1))
      (rotate (xyz 0 0 0))
    )
  )

  (module Capacitor_SMD:C_0603_1608Metric (layer F.Cu) (tedit 5B301BBE) (tstamp 5E7AEAAB)
    (at 186.845001 80.470001)
    (descr "Capacitor SMD 0603 (1608 Metric), square (rectangular) end terminal, IPC_7351 nominal, (Body size source: http://www.tortai-tech.com/upload/download/2011102023233369053.pdf), generated with kicad-footprint-generator")
    (tags capacitor)
    (path /62AEBB87)
    (attr smd)
    (fp_text reference C11 (at 0 -1.43) (layer F.SilkS)
      (effects (font (size 1 1) (thickness 0.15)))
    )
    (fp_text value 0u1 (at 0 1.43) (layer F.Fab)
      (effects (font (size 1 1) (thickness 0.15)))
    )
    (fp_line (start -0.8 0.4) (end -0.8 -0.4) (layer F.Fab) (width 0.1))
    (fp_line (start -0.8 -0.4) (end 0.8 -0.4) (layer F.Fab) (width 0.1))
    (fp_line (start 0.8 -0.4) (end 0.8 0.4) (layer F.Fab) (width 0.1))
    (fp_line (start 0.8 0.4) (end -0.8 0.4) (layer F.Fab) (width 0.1))
    (fp_line (start -0.162779 -0.51) (end 0.162779 -0.51) (layer F.SilkS) (width 0.12))
    (fp_line (start -0.162779 0.51) (end 0.162779 0.51) (layer F.SilkS) (width 0.12))
    (fp_line (start -1.48 0.73) (end -1.48 -0.73) (layer F.CrtYd) (width 0.05))
    (fp_line (start -1.48 -0.73) (end 1.48 -0.73) (layer F.CrtYd) (width 0.05))
    (fp_line (start 1.48 -0.73) (end 1.48 0.73) (layer F.CrtYd) (width 0.05))
    (fp_line (start 1.48 0.73) (end -1.48 0.73) (layer F.CrtYd) (width 0.05))
    (fp_text user %R (at 0 0) (layer F.Fab)
      (effects (font (size 0.4 0.4) (thickness 0.06)))
    )
    (pad 1 smd roundrect (at -0.7875 0) (size 0.875 0.95) (layers F.Cu F.Paste F.Mask) (roundrect_rratio 0.25)
      (net 5 +3V3))
    (pad 2 smd roundrect (at 0.7875 0) (size 0.875 0.95) (layers F.Cu F.Paste F.Mask) (roundrect_rratio 0.25)
      (net 2 GND))
    (model ${KISYS3DMOD}/Capacitor_SMD.3dshapes/C_0603_1608Metric.wrl
      (at (xyz 0 0 0))
      (scale (xyz 1 1 1))
      (rotate (xyz 0 0 0))
    )
  )

  (module Capacitor_SMD:C_0603_1608Metric (layer F.Cu) (tedit 5B301BBE) (tstamp 5E7AEABC)
    (at 178.455001 88.030001)
    (descr "Capacitor SMD 0603 (1608 Metric), square (rectangular) end terminal, IPC_7351 nominal, (Body size source: http://www.tortai-tech.com/upload/download/2011102023233369053.pdf), generated with kicad-footprint-generator")
    (tags capacitor)
    (path /64C4E70A)
    (attr smd)
    (fp_text reference C12 (at 0 -1.43) (layer F.SilkS)
      (effects (font (size 1 1) (thickness 0.15)))
    )
    (fp_text value 0u1 (at 0 1.43) (layer F.Fab)
      (effects (font (size 1 1) (thickness 0.15)))
    )
    (fp_text user %R (at 0 0) (layer F.Fab)
      (effects (font (size 0.4 0.4) (thickness 0.06)))
    )
    (fp_line (start 1.48 0.73) (end -1.48 0.73) (layer F.CrtYd) (width 0.05))
    (fp_line (start 1.48 -0.73) (end 1.48 0.73) (layer F.CrtYd) (width 0.05))
    (fp_line (start -1.48 -0.73) (end 1.48 -0.73) (layer F.CrtYd) (width 0.05))
    (fp_line (start -1.48 0.73) (end -1.48 -0.73) (layer F.CrtYd) (width 0.05))
    (fp_line (start -0.162779 0.51) (end 0.162779 0.51) (layer F.SilkS) (width 0.12))
    (fp_line (start -0.162779 -0.51) (end 0.162779 -0.51) (layer F.SilkS) (width 0.12))
    (fp_line (start 0.8 0.4) (end -0.8 0.4) (layer F.Fab) (width 0.1))
    (fp_line (start 0.8 -0.4) (end 0.8 0.4) (layer F.Fab) (width 0.1))
    (fp_line (start -0.8 -0.4) (end 0.8 -0.4) (layer F.Fab) (width 0.1))
    (fp_line (start -0.8 0.4) (end -0.8 -0.4) (layer F.Fab) (width 0.1))
    (pad 2 smd roundrect (at 0.7875 0) (size 0.875 0.95) (layers F.Cu F.Paste F.Mask) (roundrect_rratio 0.25)
      (net 2 GND))
    (pad 1 smd roundrect (at -0.7875 0) (size 0.875 0.95) (layers F.Cu F.Paste F.Mask) (roundrect_rratio 0.25)
      (net 7 /pot_ext))
    (model ${KISYS3DMOD}/Capacitor_SMD.3dshapes/C_0603_1608Metric.wrl
      (at (xyz 0 0 0))
      (scale (xyz 1 1 1))
      (rotate (xyz 0 0 0))
    )
  )

  (module Diode_SMD:D_SOD-123F (layer F.Cu) (tedit 587F7769) (tstamp 5E7AEAD5)
    (at 187.480001 65.280001)
    (descr D_SOD-123F)
    (tags D_SOD-123F)
    (path /5EB26418)
    (attr smd)
    (fp_text reference D1 (at -0.127 -1.905) (layer F.SilkS)
      (effects (font (size 1 1) (thickness 0.15)))
    )
    (fp_text value 1N4001 (at 0 2.1) (layer F.Fab)
      (effects (font (size 1 1) (thickness 0.15)))
    )
    (fp_line (start -2.2 -1) (end 1.65 -1) (layer F.SilkS) (width 0.12))
    (fp_line (start -2.2 1) (end 1.65 1) (layer F.SilkS) (width 0.12))
    (fp_line (start -2.2 -1.15) (end -2.2 1.15) (layer F.CrtYd) (width 0.05))
    (fp_line (start 2.2 1.15) (end -2.2 1.15) (layer F.CrtYd) (width 0.05))
    (fp_line (start 2.2 -1.15) (end 2.2 1.15) (layer F.CrtYd) (width 0.05))
    (fp_line (start -2.2 -1.15) (end 2.2 -1.15) (layer F.CrtYd) (width 0.05))
    (fp_line (start -1.4 -0.9) (end 1.4 -0.9) (layer F.Fab) (width 0.1))
    (fp_line (start 1.4 -0.9) (end 1.4 0.9) (layer F.Fab) (width 0.1))
    (fp_line (start 1.4 0.9) (end -1.4 0.9) (layer F.Fab) (width 0.1))
    (fp_line (start -1.4 0.9) (end -1.4 -0.9) (layer F.Fab) (width 0.1))
    (fp_line (start -0.75 0) (end -0.35 0) (layer F.Fab) (width 0.1))
    (fp_line (start -0.35 0) (end -0.35 -0.55) (layer F.Fab) (width 0.1))
    (fp_line (start -0.35 0) (end -0.35 0.55) (layer F.Fab) (width 0.1))
    (fp_line (start -0.35 0) (end 0.25 -0.4) (layer F.Fab) (width 0.1))
    (fp_line (start 0.25 -0.4) (end 0.25 0.4) (layer F.Fab) (width 0.1))
    (fp_line (start 0.25 0.4) (end -0.35 0) (layer F.Fab) (width 0.1))
    (fp_line (start 0.25 0) (end 0.75 0) (layer F.Fab) (width 0.1))
    (fp_line (start -2.2 -1) (end -2.2 1) (layer F.SilkS) (width 0.12))
    (fp_text user %R (at -0.127 -1.905) (layer F.Fab)
      (effects (font (size 1 1) (thickness 0.15)))
    )
    (pad 2 smd rect (at 1.4 0) (size 1.1 1.1) (layers F.Cu F.Paste F.Mask)
      (net 8 "Net-(D1-Pad2)"))
    (pad 1 smd rect (at -1.4 0) (size 1.1 1.1) (layers F.Cu F.Paste F.Mask)
      (net 5 +3V3))
    (model ${KISYS3DMOD}/Diode_SMD.3dshapes/D_SOD-123F.wrl
      (at (xyz 0 0 0))
      (scale (xyz 1 1 1))
      (rotate (xyz 0 0 0))
    )
  )

  (module Diode_SMD:D_SOD-123F (layer F.Cu) (tedit 587F7769) (tstamp 5E7AEAEE)
    (at 151.850001 101.210001)
    (descr D_SOD-123F)
    (tags D_SOD-123F)
    (path /5EB2641E)
    (attr smd)
    (fp_text reference D2 (at -0.127 -1.905) (layer F.SilkS)
      (effects (font (size 1 1) (thickness 0.15)))
    )
    (fp_text value 1N4001 (at 0 2.1) (layer F.Fab)
      (effects (font (size 1 1) (thickness 0.15)))
    )
    (fp_text user %R (at -0.127 -1.905) (layer F.Fab)
      (effects (font (size 1 1) (thickness 0.15)))
    )
    (fp_line (start -2.2 -1) (end -2.2 1) (layer F.SilkS) (width 0.12))
    (fp_line (start 0.25 0) (end 0.75 0) (layer F.Fab) (width 0.1))
    (fp_line (start 0.25 0.4) (end -0.35 0) (layer F.Fab) (width 0.1))
    (fp_line (start 0.25 -0.4) (end 0.25 0.4) (layer F.Fab) (width 0.1))
    (fp_line (start -0.35 0) (end 0.25 -0.4) (layer F.Fab) (width 0.1))
    (fp_line (start -0.35 0) (end -0.35 0.55) (layer F.Fab) (width 0.1))
    (fp_line (start -0.35 0) (end -0.35 -0.55) (layer F.Fab) (width 0.1))
    (fp_line (start -0.75 0) (end -0.35 0) (layer F.Fab) (width 0.1))
    (fp_line (start -1.4 0.9) (end -1.4 -0.9) (layer F.Fab) (width 0.1))
    (fp_line (start 1.4 0.9) (end -1.4 0.9) (layer F.Fab) (width 0.1))
    (fp_line (start 1.4 -0.9) (end 1.4 0.9) (layer F.Fab) (width 0.1))
    (fp_line (start -1.4 -0.9) (end 1.4 -0.9) (layer F.Fab) (width 0.1))
    (fp_line (start -2.2 -1.15) (end 2.2 -1.15) (layer F.CrtYd) (width 0.05))
    (fp_line (start 2.2 -1.15) (end 2.2 1.15) (layer F.CrtYd) (width 0.05))
    (fp_line (start 2.2 1.15) (end -2.2 1.15) (layer F.CrtYd) (width 0.05))
    (fp_line (start -2.2 -1.15) (end -2.2 1.15) (layer F.CrtYd) (width 0.05))
    (fp_line (start -2.2 1) (end 1.65 1) (layer F.SilkS) (width 0.12))
    (fp_line (start -2.2 -1) (end 1.65 -1) (layer F.SilkS) (width 0.12))
    (pad 1 smd rect (at -1.4 0) (size 1.1 1.1) (layers F.Cu F.Paste F.Mask)
      (net 5 +3V3))
    (pad 2 smd rect (at 1.4 0) (size 1.1 1.1) (layers F.Cu F.Paste F.Mask)
      (net 9 "Net-(D2-Pad2)"))
    (model ${KISYS3DMOD}/Diode_SMD.3dshapes/D_SOD-123F.wrl
      (at (xyz 0 0 0))
      (scale (xyz 1 1 1))
      (rotate (xyz 0 0 0))
    )
  )

  (module Diode_SMD:D_SOD-123F (layer F.Cu) (tedit 587F7769) (tstamp 5E7AEB07)
    (at 141.580001 109.430001)
    (descr D_SOD-123F)
    (tags D_SOD-123F)
    (path /5FDACAEC)
    (attr smd)
    (fp_text reference D3 (at -0.127 -1.905) (layer F.SilkS)
      (effects (font (size 1 1) (thickness 0.15)))
    )
    (fp_text value 1N4001 (at 0 2.1) (layer F.Fab)
      (effects (font (size 1 1) (thickness 0.15)))
    )
    (fp_line (start -2.2 -1) (end 1.65 -1) (layer F.SilkS) (width 0.12))
    (fp_line (start -2.2 1) (end 1.65 1) (layer F.SilkS) (width 0.12))
    (fp_line (start -2.2 -1.15) (end -2.2 1.15) (layer F.CrtYd) (width 0.05))
    (fp_line (start 2.2 1.15) (end -2.2 1.15) (layer F.CrtYd) (width 0.05))
    (fp_line (start 2.2 -1.15) (end 2.2 1.15) (layer F.CrtYd) (width 0.05))
    (fp_line (start -2.2 -1.15) (end 2.2 -1.15) (layer F.CrtYd) (width 0.05))
    (fp_line (start -1.4 -0.9) (end 1.4 -0.9) (layer F.Fab) (width 0.1))
    (fp_line (start 1.4 -0.9) (end 1.4 0.9) (layer F.Fab) (width 0.1))
    (fp_line (start 1.4 0.9) (end -1.4 0.9) (layer F.Fab) (width 0.1))
    (fp_line (start -1.4 0.9) (end -1.4 -0.9) (layer F.Fab) (width 0.1))
    (fp_line (start -0.75 0) (end -0.35 0) (layer F.Fab) (width 0.1))
    (fp_line (start -0.35 0) (end -0.35 -0.55) (layer F.Fab) (width 0.1))
    (fp_line (start -0.35 0) (end -0.35 0.55) (layer F.Fab) (width 0.1))
    (fp_line (start -0.35 0) (end 0.25 -0.4) (layer F.Fab) (width 0.1))
    (fp_line (start 0.25 -0.4) (end 0.25 0.4) (layer F.Fab) (width 0.1))
    (fp_line (start 0.25 0.4) (end -0.35 0) (layer F.Fab) (width 0.1))
    (fp_line (start 0.25 0) (end 0.75 0) (layer F.Fab) (width 0.1))
    (fp_line (start -2.2 -1) (end -2.2 1) (layer F.SilkS) (width 0.12))
    (fp_text user %R (at -0.127 -1.905) (layer F.Fab)
      (effects (font (size 1 1) (thickness 0.15)))
    )
    (pad 2 smd rect (at 1.4 0) (size 1.1 1.1) (layers F.Cu F.Paste F.Mask)
      (net 10 "Net-(D3-Pad2)"))
    (pad 1 smd rect (at -1.4 0) (size 1.1 1.1) (layers F.Cu F.Paste F.Mask)
      (net 5 +3V3))
    (model ${KISYS3DMOD}/Diode_SMD.3dshapes/D_SOD-123F.wrl
      (at (xyz 0 0 0))
      (scale (xyz 1 1 1))
      (rotate (xyz 0 0 0))
    )
  )

  (module Diode_SMD:D_SOD-123F (layer F.Cu) (tedit 587F7769) (tstamp 5E7AEB20)
    (at 173.220001 79.760001)
    (descr D_SOD-123F)
    (tags D_SOD-123F)
