(kicad_pcb (version 20171130) (host pcbnew "(5.1.5)-3")

  (general
    (thickness 1.6)
    (drawings 1)
    (tracks 0)
    (zones 0)
    (modules 125)
    (nets 124)
  )

  (page A4)
  (layers
    (0 F.Cu signal)
    (31 B.Cu signal)
    (32 B.Adhes user)
    (33 F.Adhes user)
    (34 B.Paste user)
    (35 F.Paste user)
    (36 B.SilkS user)
    (37 F.SilkS user)
    (38 B.Mask user)
    (39 F.Mask user)
    (40 Dwgs.User user)
    (41 Cmts.User user)
    (42 Eco1.User user)
    (43 Eco2.User user)
    (44 Edge.Cuts user)
    (45 Margin user)
    (46 B.CrtYd user hide)
    (47 F.CrtYd user hide)
    (48 B.Fab user)
    (49 F.Fab user hide)
  )

  (setup
    (last_trace_width 0.25)
    (user_trace_width 0.8)
    (trace_clearance 0.2)
    (zone_clearance 0.508)
    (zone_45_only no)
    (trace_min 0.2)
    (via_size 0.8)
    (via_drill 0.4)
    (via_min_size 0.4)
    (via_min_drill 0.3)
    (uvia_size 0.3)
    (uvia_drill 0.1)
    (uvias_allowed no)
    (uvia_min_size 0.2)
    (uvia_min_drill 0.1)
    (edge_width 0.05)
    (segment_width 0.2)
    (pcb_text_width 0.3)
    (pcb_text_size 1.5 1.5)
    (mod_edge_width 0.12)
    (mod_text_size 1 1)
    (mod_text_width 0.15)
    (pad_size 1.524 1.524)
    (pad_drill 0.762)
    (pad_to_mask_clearance 0.051)
    (solder_mask_min_width 0.25)
    (aux_axis_origin 0 0)
    (visible_elements 7FFFFFFF)
    (pcbplotparams
      (layerselection 0x010fc_ffffffff)
      (usegerberextensions false)
      (usegerberattributes false)
      (usegerberadvancedattributes false)
      (creategerberjobfile false)
      (excludeedgelayer true)
      (linewidth 0.100000)
      (plotframeref false)
      (viasonmask false)
      (mode 1)
      (useauxorigin false)
      (hpglpennumber 1)
      (hpglpenspeed 20)
      (hpglpendiameter 15.000000)
      (psnegative false)
      (psa4output false)
      (plotreference true)
      (plotvalue true)
      (plotinvisibletext false)
      (padsonsilk false)
      (subtractmaskfromsilk false)
      (outputformat 1)
      (mirror false)
      (drillshape 1)
      (scaleselection 1)
      (outputdirectory ""))
  )

  (net 0 "")
  (net 1 GND)
  (net 2 /pot_ext)
  (net 3 "Net-(C2-Pad1)")
  (net 4 +5V)
  (net 5 /PF1_OSC)
  (net 6 /PF0_OSC)
  (net 7 /NRST)
  (net 8 +3V3)
  (net 9 /poti)
  (net 10 "Net-(D1-Pad2)")
  (net 11 "Net-(D2-Pad2)")
  (net 12 "Net-(D3-Pad1)")
  (net 13 /led0)
  (net 14 /led1)
  (net 15 "Net-(D4-Pad1)")
  (net 16 "Net-(D5-Pad1)")
  (net 17 /led2)
  (net 18 "Net-(D6-Pad2)")
  (net 19 "Net-(D9-Pad2)")
  (net 20 "Net-(D10-Pad2)")
  (net 21 "Net-(D11-Pad2)")
  (net 22 "Net-(D12-Pad2)")
  (net 23 "Net-(D13-Pad2)")
  (net 24 "Net-(D14-Pad2)")
  (net 25 "Net-(D15-Pad2)")
  (net 26 "Net-(D16-Pad2)")
  (net 27 "Net-(D17-Pad2)")
  (net 28 "Net-(D18-Pad2)")
  (net 29 "Net-(D19-Pad2)")
  (net 30 "Net-(D20-Pad2)")
  (net 31 "Net-(D21-Pad2)")
  (net 32 "Net-(H1-Pad1)")
  (net 33 "Net-(H2-Pad1)")
  (net 34 /RCA1_L)
  (net 35 /RCA1_R)
  (net 36 /RCA1_GNDL)
  (net 37 /RCA1_GNDR)
  (net 38 /RCA2_GNDR)
  (net 39 /RCA2_GNDL)
  (net 40 /RCA2_R)
  (net 41 /RCA2_L)
  (net 42 /AUX1_L)
  (net 43 /AUX1_GND)
  (net 44 /AUX1_R)
  (net 45 /AUX2_L)
  (net 46 /AUX2_GND)
  (net 47 /AUX2_R)
  (net 48 "Net-(J4-Pad1)")
  (net 49 /pot_ext_sense)
  (net 50 /cfg1)
  (net 51 /cfg2)
  (net 52 /SWDIO)
  (net 53 /SWDCLK)
  (net 54 "Net-(J7-Pad6)")
  (net 55 "Net-(J7-Pad7)")
  (net 56 "Net-(J7-Pad8)")
  (net 57 "Net-(J7-Pad9)")
  (net 58 "Net-(J8-Pad2)")
  (net 59 "Net-(J8-Pad4)")
  (net 60 "Net-(J8-Pad1)")
  (net 61 "Net-(J8-Pad3)")
  (net 62 "Net-(K1-Pad3)")
  (net 63 "Net-(K1-Pad8)")
  (net 64 "Net-(K2-Pad8)")
  (net 65 "Net-(K2-Pad3)")
  (net 66 "Net-(K3-Pad3)")
  (net 67 "Net-(K4-Pad3)")
  (net 68 "Net-(K4-Pad8)")
  (net 69 "Net-(K5-Pad8)")
  (net 70 "Net-(K5-Pad3)")
  (net 71 "Net-(K6-Pad3)")
  (net 72 "Net-(K7-Pad3)")
  (net 73 "Net-(K7-Pad2)")
  (net 74 "Net-(K7-Pad8)")
  (net 75 "Net-(K7-Pad9)")
  (net 76 "Net-(K8-Pad9)")
  (net 77 "Net-(K8-Pad8)")
  (net 78 "Net-(K8-Pad2)")
  (net 79 "Net-(K8-Pad3)")
  (net 80 "Net-(K9-Pad9)")
  (net 81 "Net-(K10-Pad7)")
  (net 82 "Net-(K9-Pad2)")
  (net 83 "Net-(K10-Pad4)")
  (net 84 "Net-(K10-Pad9)")
  (net 85 "Net-(K10-Pad8)")
  (net 86 "Net-(K10-Pad2)")
  (net 87 "Net-(K10-Pad3)")
  (net 88 "Net-(K11-Pad3)")
  (net 89 "Net-(K11-Pad2)")
  (net 90 "Net-(K11-Pad8)")
  (net 91 "Net-(K11-Pad9)")
  (net 92 "Net-(K12-Pad9)")
  (net 93 "Net-(K12-Pad8)")
  (net 94 "Net-(K12-Pad2)")
  (net 95 "Net-(K12-Pad3)")
  (net 96 "Net-(K13-Pad3)")
  (net 97 "Net-(K13-Pad2)")
  (net 98 "Net-(K13-Pad8)")
  (net 99 "Net-(K13-Pad9)")
  (net 100 "Net-(K14-Pad9)")
  (net 101 "Net-(K14-Pad2)")
  (net 102 /rly_selectL_3)
  (net 103 /rly_selectL_2)
  (net 104 /rly_selectL_1)
  (net 105 /rly_atten6)
  (net 106 /rly_atten5)
  (net 107 /rly_atten4)
  (net 108 /rly_atten3)
  (net 109 /rly_atten2)
  (net 110 /rly_atten1)
  (net 111 /rly_atten0)
  (net 112 /rly_mute)
  (net 113 "Net-(R5-Pad2)")
  (net 114 "Net-(R15-Pad1)")
  (net 115 "Net-(R38-Pad2)")
  (net 116 "Net-(R40-Pad2)")
  (net 117 "Net-(SW2-Pad1)")
  (net 118 "Net-(SW2-Pad2)")
  (net 119 "Net-(SW2-Pad3)")
  (net 120 /btn)
  (net 121 "Net-(TP2-Pad1)")
  (net 122 "Net-(Y1-Pad2)")
  (net 123 "Net-(Y1-Pad4)")

  (net_class Default "This is the default net class."
    (clearance 0.2)
    (trace_width 0.25)
    (via_dia 0.8)
    (via_drill 0.4)
    (uvia_dia 0.3)
    (uvia_drill 0.1)
    (add_net +3V3)
    (add_net GND)
  )

  (net_class Audio ""
    (clearance 0.2)
    (trace_width 0.4)
    (via_dia 0.8)
    (via_drill 0.4)
    (uvia_dia 0.3)
    (uvia_drill 0.1)
    (add_net /AUX1_GND)
    (add_net /AUX1_L)
    (add_net /AUX1_R)
    (add_net /AUX2_GND)
    (add_net /AUX2_L)
    (add_net /AUX2_R)
    (add_net /RCA1_GNDL)
    (add_net /RCA1_GNDR)
    (add_net /RCA1_L)
    (add_net /RCA1_R)
    (add_net /RCA2_GNDL)
    (add_net /RCA2_GNDR)
    (add_net /RCA2_L)
    (add_net /RCA2_R)
    (add_net "Net-(J8-Pad1)")
    (add_net "Net-(J8-Pad2)")
    (add_net "Net-(J8-Pad3)")
    (add_net "Net-(J8-Pad4)")
    (add_net "Net-(K1-Pad3)")
    (add_net "Net-(K1-Pad8)")
    (add_net "Net-(K10-Pad2)")
    (add_net "Net-(K10-Pad3)")
    (add_net "Net-(K10-Pad4)")
    (add_net "Net-(K10-Pad7)")
    (add_net "Net-(K10-Pad8)")
    (add_net "Net-(K10-Pad9)")
    (add_net "Net-(K11-Pad2)")
    (add_net "Net-(K11-Pad3)")
    (add_net "Net-(K11-Pad8)")
    (add_net "Net-(K11-Pad9)")
    (add_net "Net-(K12-Pad2)")
    (add_net "Net-(K12-Pad3)")
    (add_net "Net-(K12-Pad8)")
    (add_net "Net-(K12-Pad9)")
    (add_net "Net-(K13-Pad2)")
    (add_net "Net-(K13-Pad3)")
    (add_net "Net-(K13-Pad8)")
    (add_net "Net-(K13-Pad9)")
    (add_net "Net-(K14-Pad2)")
    (add_net "Net-(K14-Pad9)")
    (add_net "Net-(K2-Pad3)")
    (add_net "Net-(K2-Pad8)")
    (add_net "Net-(K3-Pad3)")
    (add_net "Net-(K4-Pad3)")
    (add_net "Net-(K4-Pad8)")
    (add_net "Net-(K5-Pad3)")
    (add_net "Net-(K5-Pad8)")
    (add_net "Net-(K6-Pad3)")
    (add_net "Net-(K7-Pad2)")
    (add_net "Net-(K7-Pad3)")
    (add_net "Net-(K7-Pad8)")
    (add_net "Net-(K7-Pad9)")
    (add_net "Net-(K8-Pad2)")
    (add_net "Net-(K8-Pad3)")
    (add_net "Net-(K8-Pad8)")
    (add_net "Net-(K8-Pad9)")
    (add_net "Net-(K9-Pad2)")
    (add_net "Net-(K9-Pad9)")
    (add_net "Net-(R38-Pad2)")
    (add_net "Net-(R40-Pad2)")
  )

  (net_class CTRLSignal ""
    (clearance 0.2)
    (trace_width 0.25)
    (via_dia 0.8)
    (via_drill 0.4)
    (uvia_dia 0.3)
    (uvia_drill 0.1)
    (add_net /NRST)
    (add_net /PF0_OSC)
    (add_net /PF1_OSC)
    (add_net /SWDCLK)
    (add_net /SWDIO)
    (add_net /btn)
    (add_net /cfg1)
    (add_net /cfg2)
    (add_net /led0)
    (add_net /led1)
    (add_net /led2)
    (add_net /pot_ext)
    (add_net /pot_ext_sense)
    (add_net /poti)
    (add_net /rly_atten0)
    (add_net /rly_atten1)
    (add_net /rly_atten2)
    (add_net /rly_atten3)
    (add_net /rly_atten4)
    (add_net /rly_atten5)
    (add_net /rly_atten6)
    (add_net /rly_mute)
    (add_net /rly_selectL_1)
    (add_net /rly_selectL_2)
    (add_net /rly_selectL_3)
    (add_net "Net-(D3-Pad1)")
    (add_net "Net-(D4-Pad1)")
    (add_net "Net-(D5-Pad1)")
    (add_net "Net-(J7-Pad6)")
    (add_net "Net-(J7-Pad7)")
    (add_net "Net-(J7-Pad8)")
    (add_net "Net-(J7-Pad9)")
    (add_net "Net-(R15-Pad1)")
    (add_net "Net-(R5-Pad2)")
    (add_net "Net-(SW2-Pad1)")
    (add_net "Net-(SW2-Pad2)")
    (add_net "Net-(SW2-Pad3)")
    (add_net "Net-(TP2-Pad1)")
    (add_net "Net-(Y1-Pad2)")
    (add_net "Net-(Y1-Pad4)")
  )

  (net_class Power ""
    (clearance 0.4)
    (trace_width 0.8)
    (via_dia 0.8)
    (via_drill 0.4)
    (uvia_dia 0.3)
    (uvia_drill 0.1)
    (add_net "Net-(C2-Pad1)")
    (add_net "Net-(D1-Pad2)")
    (add_net "Net-(D2-Pad2)")
    (add_net "Net-(H1-Pad1)")
    (add_net "Net-(H2-Pad1)")
    (add_net "Net-(J4-Pad1)")
  )

  (net_class RelayPWR ""
    (clearance 0.4)
    (trace_width 0.7)
    (via_dia 0.8)
    (via_drill 0.4)
    (uvia_dia 0.3)
    (uvia_drill 0.1)
    (add_net +5V)
    (add_net "Net-(D10-Pad2)")
    (add_net "Net-(D11-Pad2)")
    (add_net "Net-(D12-Pad2)")
    (add_net "Net-(D13-Pad2)")
    (add_net "Net-(D14-Pad2)")
    (add_net "Net-(D15-Pad2)")
    (add_net "Net-(D16-Pad2)")
    (add_net "Net-(D17-Pad2)")
    (add_net "Net-(D18-Pad2)")
    (add_net "Net-(D19-Pad2)")
    (add_net "Net-(D20-Pad2)")
    (add_net "Net-(D21-Pad2)")
    (add_net "Net-(D6-Pad2)")
    (add_net "Net-(D9-Pad2)")
  )

  (module Panasonic_TQ2SA:Panasonic_TQ2SA (layer F.Cu) (tedit 5E8C9E57) (tstamp 5E8CDEFC)
    (at 332.74 170.815 180)
    (path /5F2C35DA)
    (fp_text reference K7 (at -8.255 3.175 90) (layer F.SilkS)
      (effects (font (size 1 1) (thickness 0.15)))
    )
    (fp_text value TQ2SA (at 0 -0.381) (layer F.Fab)
      (effects (font (size 1 1) (thickness 0.15)))
    )
    (fp_line (start 2.413 -2.286) (end 2.667 -2.286) (layer F.SilkS) (width 0.12))
    (fp_line (start 2.413 1.524) (end 2.667 1.524) (layer F.SilkS) (width 0.12))
    (fp_line (start -2.667 1.524) (end -2.413 1.524) (layer F.SilkS) (width 0.12))
    (fp_line (start -2.667 -2.286) (end -2.413 -2.286) (layer F.SilkS) (width 0.12))
    (fp_circle (center 0 -2.032) (end -0.127 -2.032) (layer F.SilkS) (width 0.12))
    (fp_circle (center 0 1.27) (end 0.127 1.27) (layer F.SilkS) (width 0.12))
    (fp_line (start -0.508 -0.381) (end -0.254 -0.381) (layer F.SilkS) (width 0.12))
    (fp_line (start -3.937 -0.381) (end -4.191 -0.381) (layer F.SilkS) (width 0.12))
    (fp_line (start -4.064 -0.381) (end -3.937 -0.381) (layer F.SilkS) (width 0.12))
    (fp_line (start -3.302 -0.381) (end -3.556 -0.381) (layer F.SilkS) (width 0.12))
    (fp_line (start -3.048 -0.381) (end -2.794 -0.381) (layer F.SilkS) (width 0.12))
    (fp_line (start -2.286 -0.381) (end -2.54 -0.381) (layer F.SilkS) (width 0.12))
    (fp_line (start -1.778 -0.381) (end -2.032 -0.381) (layer F.SilkS) (width 0.12))
    (fp_line (start -1.27 -0.381) (end -1.524 -0.381) (layer F.SilkS) (width 0.12))
    (fp_line (start -0.762 -0.381) (end -1.016 -0.381) (layer F.SilkS) (width 0.12))
    (fp_line (start 0 -0.762) (end 0 -0.508) (layer F.SilkS) (width 0.12))
    (fp_line (start 0 0) (end 0 -0.254) (layer F.SilkS) (width 0.12))
    (fp_line (start 0 0.508) (end 0 0.254) (layer F.SilkS) (width 0.12))
    (fp_line (start 0 -1.27) (end 0 -1.016) (layer F.SilkS) (width 0.12))
    (fp_line (start 0 -2.286) (end 0 -2.032) (layer F.SilkS) (width 0.12))
    (fp_line (start -2.54 -2.286) (end 2.54 -1.778) (layer F.SilkS) (width 0.12))
    (fp_line (start -2.54 -3.302) (end -2.54 -2.286) (layer F.SilkS) (width 0.12))
    (fp_line (start 0 -3.302) (end 0 -2.286) (layer F.SilkS) (width 0.12))
    (fp_line (start 2.54 -3.302) (end 2.54 -2.286) (layer F.SilkS) (width 0.12))
    (fp_line (start -2.54 1.524) (end 2.54 1.016) (layer F.SilkS) (width 0.12))
    (fp_line (start 0 1.524) (end 0 1.27) (layer F.SilkS) (width 0.12))
    (fp_line (start 2.54 2.54) (end 2.54 1.524) (layer F.SilkS) (width 0.12))
    (fp_line (start -2.54 2.54) (end -2.54 1.524) (layer F.SilkS) (width 0.12))
    (fp_line (start 0 2.54) (end 0 1.524) (layer F.SilkS) (width 0.12))
    (fp_line (start -4.572 1.27) (end -4.572 -2.032) (layer F.SilkS) (width 0.12))
    (fp_line (start -5.588 1.27) (end -4.572 1.27) (layer F.SilkS) (width 0.12))
    (fp_line (start -5.588 -2.032) (end -5.588 1.27) (layer F.SilkS) (width 0.12))
    (fp_line (start -5.08 1.27) (end -5.08 2.54) (layer F.SilkS) (width 0.12))
    (fp_line (start -5.588 -2.032) (end -4.572 -2.032) (layer F.SilkS) (width 0.12))
    (fp_line (start -5.08 -3.302) (end -5.08 -2.032) (layer F.SilkS) (width 0.12))
    (fp_circle (center -6.604 1.524) (end -6.35 1.524) (layer F.SilkS) (width 0.12))
    (fp_line (start -6.858 0.508) (end -6.858 -1.524) (layer F.SilkS) (width 0.12))
    (fp_line (start -6.35 0.508) (end -6.858 0.508) (layer F.SilkS) (width 0.12))
    (fp_line (start -6.35 -1.524) (end -6.35 0.508) (layer F.SilkS) (width 0.12))
    (fp_line (start -6.858 -1.524) (end -6.35 -1.524) (layer F.SilkS) (width 0.12))
    (fp_line (start 7.112 3.81) (end 6.604 3.81) (layer F.SilkS) (width 0.12))
    (fp_line (start 7.112 -4.318) (end 7.112 -3.556) (layer F.SilkS) (width 0.12))
    (fp_line (start 6.604 -4.318) (end 7.112 -4.318) (layer F.SilkS) (width 0.12))
    (fp_line (start 7.112 -4.318) (end 6.604 -4.318) (layer F.SilkS) (width 0.12))
    (fp_line (start -7.112 -4.318) (end -6.604 -4.318) (layer F.SilkS) (width 0.12))
    (fp_line (start 7.112 -5.08) (end -7.112 -5.08) (layer F.CrtYd) (width 0.12))
    (fp_line (start 7.112 4.572) (end 7.112 -5.08) (layer F.CrtYd) (width 0.12))
    (fp_line (start -7.112 4.572) (end 7.112 4.572) (layer F.CrtYd) (width 0.12))
    (fp_line (start -7.112 -5.08) (end -7.112 4.572) (layer F.CrtYd) (width 0.12))
    (fp_line (start 7.112 0.254) (end 7.112 -3.81) (layer F.SilkS) (width 0.12))
    (fp_line (start 7.112 0) (end 7.112 3.81) (layer F.SilkS) (width 0.12))
    (fp_line (start -7.112 3.81) (end -6.096 3.81) (layer F.SilkS) (width 0.12))
    (fp_line (start -7.112 -3.302) (end -7.112 3.81) (layer F.SilkS) (width 0.12))
    (fp_line (start -7.112 -3.81) (end -7.112 -4.064) (layer F.SilkS) (width 0.12))
    (fp_line (start -7.112 0) (end -7.112 -4.318) (layer F.SilkS) (width 0.12))
    (pad 6 smd rect (at 5.08 4.4704 180) (size 0.9906 2.9464) (layers F.Cu F.Paste F.Mask))
    (pad 4 smd rect (at 2.54 4.4704 180) (size 0.9906 2.9464) (layers F.Cu F.Paste F.Mask)
      (net 71 "Net-(K6-Pad3)"))
    (pad 3 smd rect (at 0 4.4704 180) (size 0.9906 2.9464) (layers F.Cu F.Paste F.Mask)
      (net 72 "Net-(K7-Pad3)"))
    (pad 2 smd rect (at -2.54 4.4704 180) (size 0.9906 2.9464) (layers F.Cu F.Paste F.Mask)
      (net 73 "Net-(K7-Pad2)"))
    (pad 1 smd rect (at -5.08 4.4704 180) (size 0.9906 2.9464) (layers F.Cu F.Paste F.Mask)
      (net 4 +5V))
    (pad 5 smd rect (at 5.08 -5.08 180) (size 0.9906 2.9464) (layers F.Cu F.Paste F.Mask))
    (pad 7 smd rect (at 2.54 -5.08 180) (size 0.9906 2.9464) (layers F.Cu F.Paste F.Mask)
      (net 66 "Net-(K3-Pad3)"))
    (pad 8 smd rect (at 0 -5.08 180) (size 0.9906 2.9464) (layers F.Cu F.Paste F.Mask)
      (net 74 "Net-(K7-Pad8)"))
    (pad 9 smd rect (at -2.54 -5.08 180) (size 0.9906 2.9464) (layers F.Cu F.Paste F.Mask)
      (net 75 "Net-(K7-Pad9)"))
    (pad 10 smd rect (at -5.08 -5.08 180) (size 0.9906 2.9464) (layers F.Cu F.Paste F.Mask)
      (net 24 "Net-(D14-Pad2)"))
  )

  (module Capacitor_SMD:C_0603_1608Metric (layer F.Cu) (tedit 5B301BBE) (tstamp 5E8CD886)
    (at 95.25 71.12)
    (descr "Capacitor SMD 0603 (1608 Metric), square (rectangular) end terminal, IPC_7351 nominal, (Body size source: http://www.tortai-tech.com/upload/download/2011102023233369053.pdf), generated with kicad-footprint-generator")
    (tags capacitor)
    (path /64C4E70A)
    (attr smd)
    (fp_text reference C1 (at 0 -1.43) (layer F.SilkS)
      (effects (font (size 1 1) (thickness 0.15)))
    )
    (fp_text value 0u1 (at 0 1.43) (layer F.Fab)
      (effects (font (size 1 1) (thickness 0.15)))
    )
    (fp_text user %R (at 0 0) (layer F.Fab)
      (effects (font (size 0.4 0.4) (thickness 0.06)))
    )
    (fp_line (start 1.48 0.73) (end -1.48 0.73) (layer F.CrtYd) (width 0.05))
    (fp_line (start 1.48 -0.73) (end 1.48 0.73) (layer F.CrtYd) (width 0.05))
    (fp_line (start -1.48 -0.73) (end 1.48 -0.73) (layer F.CrtYd) (width 0.05))
    (fp_line (start -1.48 0.73) (end -1.48 -0.73) (layer F.CrtYd) (width 0.05))
    (fp_line (start -0.162779 0.51) (end 0.162779 0.51) (layer F.SilkS) (width 0.12))
    (fp_line (start -0.162779 -0.51) (end 0.162779 -0.51) (layer F.SilkS) (width 0.12))
    (fp_line (start 0.8 0.4) (end -0.8 0.4) (layer F.Fab) (width 0.1))
    (fp_line (start 0.8 -0.4) (end 0.8 0.4) (layer F.Fab) (width 0.1))
    (fp_line (start -0.8 -0.4) (end 0.8 -0.4) (layer F.Fab) (width 0.1))
    (fp_line (start -0.8 0.4) (end -0.8 -0.4) (layer F.Fab) (width 0.1))
    (pad 2 smd roundrect (at 0.7875 0) (size 0.875 0.95) (layers F.Cu F.Paste F.Mask) (roundrect_rratio 0.25)
      (net 1 GND))
    (pad 1 smd roundrect (at -0.7875 0) (size 0.875 0.95) (layers F.Cu F.Paste F.Mask) (roundrect_rratio 0.25)
      (net 2 /pot_ext))
    (model ${KISYS3DMOD}/Capacitor_SMD.3dshapes/C_0603_1608Metric.wrl
      (at (xyz 0 0 0))
      (scale (xyz 1 1 1))
      (rotate (xyz 0 0 0))
    )
  )

  (module Capacitor_SMD:CP_Elec_8x6.9 (layer F.Cu) (tedit 5BCA39D0) (tstamp 5E8CD8AE)
    (at -2.54 116.84)
    (descr "SMD capacitor, aluminum electrolytic, Panasonic E7, 8.0x6.9mm")
    (tags "capacitor electrolytic")
    (path /5F4FF1B5)
    (attr smd)
    (fp_text reference C2 (at 5.08 -2.54 90) (layer F.SilkS)
      (effects (font (size 1 1) (thickness 0.15)))
    )
    (fp_text value 100u (at 0 5.2) (layer F.Fab)
      (effects (font (size 1 1) (thickness 0.15)))
    )
    (fp_text user %R (at 0 0) (layer F.Fab)
      (effects (font (size 1 1) (thickness 0.15)))
    )
    (fp_line (start -5.8 1.2) (end -4.4 1.2) (layer F.CrtYd) (width 0.05))
    (fp_line (start -5.8 -1.2) (end -5.8 1.2) (layer F.CrtYd) (width 0.05))
    (fp_line (start -4.4 -1.2) (end -5.8 -1.2) (layer F.CrtYd) (width 0.05))
    (fp_line (start -4.4 1.2) (end -4.4 3.25) (layer F.CrtYd) (width 0.05))
    (fp_line (start -4.4 -3.25) (end -4.4 -1.2) (layer F.CrtYd) (width 0.05))
    (fp_line (start -4.4 -3.25) (end -3.25 -4.4) (layer F.CrtYd) (width 0.05))
    (fp_line (start -4.4 3.25) (end -3.25 4.4) (layer F.CrtYd) (width 0.05))
    (fp_line (start -3.25 -4.4) (end 4.4 -4.4) (layer F.CrtYd) (width 0.05))
    (fp_line (start -3.25 4.4) (end 4.4 4.4) (layer F.CrtYd) (width 0.05))
    (fp_line (start 4.4 1.2) (end 4.4 4.4) (layer F.CrtYd) (width 0.05))
    (fp_line (start 5.8 1.2) (end 4.4 1.2) (layer F.CrtYd) (width 0.05))
    (fp_line (start 5.8 -1.2) (end 5.8 1.2) (layer F.CrtYd) (width 0.05))
    (fp_line (start 4.4 -1.2) (end 5.8 -1.2) (layer F.CrtYd) (width 0.05))
    (fp_line (start 4.4 -4.4) (end 4.4 -1.2) (layer F.CrtYd) (width 0.05))
    (fp_line (start -5 -2.71) (end -5 -1.71) (layer F.SilkS) (width 0.12))
    (fp_line (start -5.5 -2.21) (end -4.5 -2.21) (layer F.SilkS) (width 0.12))
    (fp_line (start -4.26 3.195563) (end -3.195563 4.26) (layer F.SilkS) (width 0.12))
    (fp_line (start -4.26 -3.195563) (end -3.195563 -4.26) (layer F.SilkS) (width 0.12))
    (fp_line (start -4.26 -3.195563) (end -4.26 -1.21) (layer F.SilkS) (width 0.12))
    (fp_line (start -4.26 3.195563) (end -4.26 1.21) (layer F.SilkS) (width 0.12))
    (fp_line (start -3.195563 4.26) (end 4.26 4.26) (layer F.SilkS) (width 0.12))
    (fp_line (start -3.195563 -4.26) (end 4.26 -4.26) (layer F.SilkS) (width 0.12))
    (fp_line (start 4.26 -4.26) (end 4.26 -1.21) (layer F.SilkS) (width 0.12))
    (fp_line (start 4.26 4.26) (end 4.26 1.21) (layer F.SilkS) (width 0.12))
    (fp_line (start -3.162278 -1.9) (end -3.162278 -1.1) (layer F.Fab) (width 0.1))
    (fp_line (start -3.562278 -1.5) (end -2.762278 -1.5) (layer F.Fab) (width 0.1))
    (fp_line (start -4.15 3.15) (end -3.15 4.15) (layer F.Fab) (width 0.1))
    (fp_line (start -4.15 -3.15) (end -3.15 -4.15) (layer F.Fab) (width 0.1))
    (fp_line (start -4.15 -3.15) (end -4.15 3.15) (layer F.Fab) (width 0.1))
    (fp_line (start -3.15 4.15) (end 4.15 4.15) (layer F.Fab) (width 0.1))
    (fp_line (start -3.15 -4.15) (end 4.15 -4.15) (layer F.Fab) (width 0.1))
    (fp_line (start 4.15 -4.15) (end 4.15 4.15) (layer F.Fab) (width 0.1))
    (fp_circle (center 0 0) (end 4 0) (layer F.Fab) (width 0.1))
    (pad 2 smd roundrect (at 3.475 0) (size 4.15 1.9) (layers F.Cu F.Paste F.Mask) (roundrect_rratio 0.131579)
      (net 1 GND))
    (pad 1 smd roundrect (at -3.475 0) (size 4.15 1.9) (layers F.Cu F.Paste F.Mask) (roundrect_rratio 0.131579)
      (net 3 "Net-(C2-Pad1)"))
    (model ${KISYS3DMOD}/Capacitor_SMD.3dshapes/CP_Elec_8x6.9.wrl
      (at (xyz 0 0 0))
      (scale (xyz 1 1 1))
      (rotate (xyz 0 0 0))
    )
  )

  (module Capacitor_SMD:CP_Elec_8x6.9 (layer F.Cu) (tedit 5BCA39D0) (tstamp 5E8CD8D6)
    (at -2.54 125.73)
    (descr "SMD capacitor, aluminum electrolytic, Panasonic E7, 8.0x6.9mm")
    (tags "capacitor electrolytic")
    (path /5F500437)
    (attr smd)
    (fp_text reference C3 (at 5.08 -2.54 90) (layer F.SilkS)
      (effects (font (size 1 1) (thickness 0.15)))
    )
    (fp_text value 100u (at 0 5.2) (layer F.Fab)
      (effects (font (size 1 1) (thickness 0.15)))
    )
    (fp_circle (center 0 0) (end 4 0) (layer F.Fab) (width 0.1))
    (fp_line (start 4.15 -4.15) (end 4.15 4.15) (layer F.Fab) (width 0.1))
    (fp_line (start -3.15 -4.15) (end 4.15 -4.15) (layer F.Fab) (width 0.1))
    (fp_line (start -3.15 4.15) (end 4.15 4.15) (layer F.Fab) (width 0.1))
    (fp_line (start -4.15 -3.15) (end -4.15 3.15) (layer F.Fab) (width 0.1))
    (fp_line (start -4.15 -3.15) (end -3.15 -4.15) (layer F.Fab) (width 0.1))
    (fp_line (start -4.15 3.15) (end -3.15 4.15) (layer F.Fab) (width 0.1))
    (fp_line (start -3.562278 -1.5) (end -2.762278 -1.5) (layer F.Fab) (width 0.1))
    (fp_line (start -3.162278 -1.9) (end -3.162278 -1.1) (layer F.Fab) (width 0.1))
    (fp_line (start 4.26 4.26) (end 4.26 1.21) (layer F.SilkS) (width 0.12))
    (fp_line (start 4.26 -4.26) (end 4.26 -1.21) (layer F.SilkS) (width 0.12))
    (fp_line (start -3.195563 -4.26) (end 4.26 -4.26) (layer F.SilkS) (width 0.12))
    (fp_line (start -3.195563 4.26) (end 4.26 4.26) (layer F.SilkS) (width 0.12))
    (fp_line (start -4.26 3.195563) (end -4.26 1.21) (layer F.SilkS) (width 0.12))
    (fp_line (start -4.26 -3.195563) (end -4.26 -1.21) (layer F.SilkS) (width 0.12))
    (fp_line (start -4.26 -3.195563) (end -3.195563 -4.26) (layer F.SilkS) (width 0.12))
    (fp_line (start -4.26 3.195563) (end -3.195563 4.26) (layer F.SilkS) (width 0.12))
    (fp_line (start -5.5 -2.21) (end -4.5 -2.21) (layer F.SilkS) (width 0.12))
    (fp_line (start -5 -2.71) (end -5 -1.71) (layer F.SilkS) (width 0.12))
    (fp_line (start 4.4 -4.4) (end 4.4 -1.2) (layer F.CrtYd) (width 0.05))
    (fp_line (start 4.4 -1.2) (end 5.8 -1.2) (layer F.CrtYd) (width 0.05))
    (fp_line (start 5.8 -1.2) (end 5.8 1.2) (layer F.CrtYd) (width 0.05))
    (fp_line (start 5.8 1.2) (end 4.4 1.2) (layer F.CrtYd) (width 0.05))
    (fp_line (start 4.4 1.2) (end 4.4 4.4) (layer F.CrtYd) (width 0.05))
    (fp_line (start -3.25 4.4) (end 4.4 4.4) (layer F.CrtYd) (width 0.05))
    (fp_line (start -3.25 -4.4) (end 4.4 -4.4) (layer F.CrtYd) (width 0.05))
    (fp_line (start -4.4 3.25) (end -3.25 4.4) (layer F.CrtYd) (width 0.05))
    (fp_line (start -4.4 -3.25) (end -3.25 -4.4) (layer F.CrtYd) (width 0.05))
    (fp_line (start -4.4 -3.25) (end -4.4 -1.2) (layer F.CrtYd) (width 0.05))
    (fp_line (start -4.4 1.2) (end -4.4 3.25) (layer F.CrtYd) (width 0.05))
    (fp_line (start -4.4 -1.2) (end -5.8 -1.2) (layer F.CrtYd) (width 0.05))
    (fp_line (start -5.8 -1.2) (end -5.8 1.2) (layer F.CrtYd) (width 0.05))
    (fp_line (start -5.8 1.2) (end -4.4 1.2) (layer F.CrtYd) (width 0.05))
    (fp_text user %R (at 0 0) (layer F.Fab)
      (effects (font (size 1 1) (thickness 0.15)))
    )
    (pad 1 smd roundrect (at -3.475 0) (size 4.15 1.9) (layers F.Cu F.Paste F.Mask) (roundrect_rratio 0.131579)
      (net 3 "Net-(C2-Pad1)"))
    (pad 2 smd roundrect (at 3.475 0) (size 4.15 1.9) (layers F.Cu F.Paste F.Mask) (roundrect_rratio 0.131579)
      (net 1 GND))
    (model ${KISYS3DMOD}/Capacitor_SMD.3dshapes/CP_Elec_8x6.9.wrl
      (at (xyz 0 0 0))
      (scale (xyz 1 1 1))
      (rotate (xyz 0 0 0))
    )
  )

  (module Capacitor_SMD:C_0603_1608Metric (layer F.Cu) (tedit 5B301BBE) (tstamp 5E8CD8E7)
    (at 8.89 102.235 180)
    (descr "Capacitor SMD 0603 (1608 Metric), square (rectangular) end terminal, IPC_7351 nominal, (Body size source: http://www.tortai-tech.com/upload/download/2011102023233369053.pdf), generated with kicad-footprint-generator")
    (tags capacitor)
    (path /627C3A3C)
    (attr smd)
    (fp_text reference C4 (at 2.54 0) (layer F.SilkS)
      (effects (font (size 1 1) (thickness 0.15)))
    )
    (fp_text value 1uf (at 0 1.43) (layer F.Fab)
      (effects (font (size 1 1) (thickness 0.15)))
    )
    (fp_line (start -0.8 0.4) (end -0.8 -0.4) (layer F.Fab) (width 0.1))
    (fp_line (start -0.8 -0.4) (end 0.8 -0.4) (layer F.Fab) (width 0.1))
    (fp_line (start 0.8 -0.4) (end 0.8 0.4) (layer F.Fab) (width 0.1))
    (fp_line (start 0.8 0.4) (end -0.8 0.4) (layer F.Fab) (width 0.1))
    (fp_line (start -0.162779 -0.51) (end 0.162779 -0.51) (layer F.SilkS) (width 0.12))
    (fp_line (start -0.162779 0.51) (end 0.162779 0.51) (layer F.SilkS) (width 0.12))
    (fp_line (start -1.48 0.73) (end -1.48 -0.73) (layer F.CrtYd) (width 0.05))
    (fp_line (start -1.48 -0.73) (end 1.48 -0.73) (layer F.CrtYd) (width 0.05))
    (fp_line (start 1.48 -0.73) (end 1.48 0.73) (layer F.CrtYd) (width 0.05))
    (fp_line (start 1.48 0.73) (end -1.48 0.73) (layer F.CrtYd) (width 0.05))
    (fp_text user %R (at 0 0) (layer F.Fab)
      (effects (font (size 0.4 0.4) (thickness 0.06)))
    )
    (pad 1 smd roundrect (at -0.7875 0 180) (size 0.875 0.95) (layers F.Cu F.Paste F.Mask) (roundrect_rratio 0.25)
      (net 4 +5V))
    (pad 2 smd roundrect (at 0.7875 0 180) (size 0.875 0.95) (layers F.Cu F.Paste F.Mask) (roundrect_rratio 0.25)
      (net 1 GND))
    (model ${KISYS3DMOD}/Capacitor_SMD.3dshapes/C_0603_1608Metric.wrl
      (at (xyz 0 0 0))
      (scale (xyz 1 1 1))
      (rotate (xyz 0 0 0))
    )
  )

  (module Capacitor_SMD:C_0603_1608Metric (layer F.Cu) (tedit 5B301BBE) (tstamp 5E8CD8F8)
    (at 182.88 130.81)
    (descr "Capacitor SMD 0603 (1608 Metric), square (rectangular) end terminal, IPC_7351 nominal, (Body size source: http://www.tortai-tech.com/upload/download/2011102023233369053.pdf), generated with kicad-footprint-generator")
    (tags capacitor)
    (path /5ED96D0F)
    (attr smd)
    (fp_text reference C5 (at 0 -1.43) (layer F.SilkS)
      (effects (font (size 1 1) (thickness 0.15)))
    )
    (fp_text value 22pf (at 0 1.43) (layer F.Fab)
      (effects (font (size 1 1) (thickness 0.15)))
    )
    (fp_line (start -0.8 0.4) (end -0.8 -0.4) (layer F.Fab) (width 0.1))
    (fp_line (start -0.8 -0.4) (end 0.8 -0.4) (layer F.Fab) (width 0.1))
    (fp_line (start 0.8 -0.4) (end 0.8 0.4) (layer F.Fab) (width 0.1))
    (fp_line (start 0.8 0.4) (end -0.8 0.4) (layer F.Fab) (width 0.1))
    (fp_line (start -0.162779 -0.51) (end 0.162779 -0.51) (layer F.SilkS) (width 0.12))
    (fp_line (start -0.162779 0.51) (end 0.162779 0.51) (layer F.SilkS) (width 0.12))
    (fp_line (start -1.48 0.73) (end -1.48 -0.73) (layer F.CrtYd) (width 0.05))
    (fp_line (start -1.48 -0.73) (end 1.48 -0.73) (layer F.CrtYd) (width 0.05))
    (fp_line (start 1.48 -0.73) (end 1.48 0.73) (layer F.CrtYd) (width 0.05))
    (fp_line (start 1.48 0.73) (end -1.48 0.73) (layer F.CrtYd) (width 0.05))
    (fp_text user %R (at 0 0) (layer F.Fab)
      (effects (font (size 0.4 0.4) (thickness 0.06)))
    )
    (pad 1 smd roundrect (at -0.7875 0) (size 0.875 0.95) (layers F.Cu F.Paste F.Mask) (roundrect_rratio 0.25)
      (net 1 GND))
    (pad 2 smd roundrect (at 0.7875 0) (size 0.875 0.95) (layers F.Cu F.Paste F.Mask) (roundrect_rratio 0.25)
      (net 5 /PF1_OSC))
    (model ${KISYS3DMOD}/Capacitor_SMD.3dshapes/C_0603_1608Metric.wrl
      (at (xyz 0 0 0))
      (scale (xyz 1 1 1))
      (rotate (xyz 0 0 0))
    )
  )

  (module Capacitor_SMD:C_0603_1608Metric (layer F.Cu) (tedit 5B301BBE) (tstamp 5E8CD909)
    (at 163.83 123.19)
    (descr "Capacitor SMD 0603 (1608 Metric), square (rectangular) end terminal, IPC_7351 nominal, (Body size source: http://www.tortai-tech.com/upload/download/2011102023233369053.pdf), generated with kicad-footprint-generator")
    (tags capacitor)
    (path /5EDF5E0B)
    (attr smd)
    (fp_text reference C6 (at 0 -1.43) (layer F.SilkS)
      (effects (font (size 1 1) (thickness 0.15)))
    )
    (fp_text value 22pf (at 0 1.43) (layer F.Fab)
      (effects (font (size 1 1) (thickness 0.15)))
    )
    (fp_text user %R (at 0 0) (layer F.Fab)
      (effects (font (size 0.4 0.4) (thickness 0.06)))
    )
    (fp_line (start 1.48 0.73) (end -1.48 0.73) (layer F.CrtYd) (width 0.05))
    (fp_line (start 1.48 -0.73) (end 1.48 0.73) (layer F.CrtYd) (width 0.05))
    (fp_line (start -1.48 -0.73) (end 1.48 -0.73) (layer F.CrtYd) (width 0.05))
    (fp_line (start -1.48 0.73) (end -1.48 -0.73) (layer F.CrtYd) (width 0.05))
    (fp_line (start -0.162779 0.51) (end 0.162779 0.51) (layer F.SilkS) (width 0.12))
    (fp_line (start -0.162779 -0.51) (end 0.162779 -0.51) (layer F.SilkS) (width 0.12))
    (fp_line (start 0.8 0.4) (end -0.8 0.4) (layer F.Fab) (width 0.1))
    (fp_line (start 0.8 -0.4) (end 0.8 0.4) (layer F.Fab) (width 0.1))
    (fp_line (start -0.8 -0.4) (end 0.8 -0.4) (layer F.Fab) (width 0.1))
    (fp_line (start -0.8 0.4) (end -0.8 -0.4) (layer F.Fab) (width 0.1))
    (pad 2 smd roundrect (at 0.7875 0) (size 0.875 0.95) (layers F.Cu F.Paste F.Mask) (roundrect_rratio 0.25)
      (net 1 GND))
    (pad 1 smd roundrect (at -0.7875 0) (size 0.875 0.95) (layers F.Cu F.Paste F.Mask) (roundrect_rratio 0.25)
      (net 6 /PF0_OSC))
    (model ${KISYS3DMOD}/Capacitor_SMD.3dshapes/C_0603_1608Metric.wrl
      (at (xyz 0 0 0))
      (scale (xyz 1 1 1))
      (rotate (xyz 0 0 0))
    )
  )

  (module Capacitor_SMD:C_0603_1608Metric (layer F.Cu) (tedit 5B301BBE) (tstamp 5E8CD91A)
    (at 165.8875 130.81)
    (descr "Capacitor SMD 0603 (1608 Metric), square (rectangular) end terminal, IPC_7351 nominal, (Body size source: http://www.tortai-tech.com/upload/download/2011102023233369053.pdf), generated with kicad-footprint-generator")
    (tags capacitor)
    (path /63B23DD8)
    (attr smd)
    (fp_text reference C7 (at 0 -1.43) (layer F.SilkS)
      (effects (font (size 1 1) (thickness 0.15)))
    )
    (fp_text value 0u1 (at 0 1.43) (layer F.Fab)
      (effects (font (size 1 1) (thickness 0.15)))
    )
    (fp_line (start -0.8 0.4) (end -0.8 -0.4) (layer F.Fab) (width 0.1))
    (fp_line (start -0.8 -0.4) (end 0.8 -0.4) (layer F.Fab) (width 0.1))
    (fp_line (start 0.8 -0.4) (end 0.8 0.4) (layer F.Fab) (width 0.1))
    (fp_line (start 0.8 0.4) (end -0.8 0.4) (layer F.Fab) (width 0.1))
    (fp_line (start -0.162779 -0.51) (end 0.162779 -0.51) (layer F.SilkS) (width 0.12))
    (fp_line (start -0.162779 0.51) (end 0.162779 0.51) (layer F.SilkS) (width 0.12))
    (fp_line (start -1.48 0.73) (end -1.48 -0.73) (layer F.CrtYd) (width 0.05))
    (fp_line (start -1.48 -0.73) (end 1.48 -0.73) (layer F.CrtYd) (width 0.05))
    (fp_line (start 1.48 -0.73) (end 1.48 0.73) (layer F.CrtYd) (width 0.05))
    (fp_line (start 1.48 0.73) (end -1.48 0.73) (layer F.CrtYd) (width 0.05))
    (fp_text user %R (at 0 0) (layer F.Fab)
      (effects (font (size 0.4 0.4) (thickness 0.06)))
    )
    (pad 1 smd roundrect (at -0.7875 0) (size 0.875 0.95) (layers F.Cu F.Paste F.Mask) (roundrect_rratio 0.25)
      (net 7 /NRST))
    (pad 2 smd roundrect (at 0.7875 0) (size 0.875 0.95) (layers F.Cu F.Paste F.Mask) (roundrect_rratio 0.25)
      (net 1 GND))
    (model ${KISYS3DMOD}/Capacitor_SMD.3dshapes/C_0603_1608Metric.wrl
      (at (xyz 0 0 0))
      (scale (xyz 1 1 1))
      (rotate (xyz 0 0 0))
    )
  )

  (module Capacitor_SMD:C_0603_1608Metric (layer F.Cu) (tedit 5B301BBE) (tstamp 5E8CD92B)
    (at 187.325 101.6)
    (descr "Capacitor SMD 0603 (1608 Metric), square (rectangular) end terminal, IPC_7351 nominal, (Body size source: http://www.tortai-tech.com/upload/download/2011102023233369053.pdf), generated with kicad-footprint-generator")
    (tags capacitor)
    (path /62AEC973)
    (attr smd)
    (fp_text reference C8 (at 0 -1.43) (layer F.SilkS)
      (effects (font (size 1 1) (thickness 0.15)))
    )
    (fp_text value 0u1 (at 0 1.43) (layer F.Fab)
      (effects (font (size 1 1) (thickness 0.15)))
    )
    (fp_text user %R (at 0 0) (layer F.Fab)
      (effects (font (size 0.4 0.4) (thickness 0.06)))
    )
    (fp_line (start 1.48 0.73) (end -1.48 0.73) (layer F.CrtYd) (width 0.05))
    (fp_line (start 1.48 -0.73) (end 1.48 0.73) (layer F.CrtYd) (width 0.05))
    (fp_line (start -1.48 -0.73) (end 1.48 -0.73) (layer F.CrtYd) (width 0.05))
    (fp_line (start -1.48 0.73) (end -1.48 -0.73) (layer F.CrtYd) (width 0.05))
    (fp_line (start -0.162779 0.51) (end 0.162779 0.51) (layer F.SilkS) (width 0.12))
    (fp_line (start -0.162779 -0.51) (end 0.162779 -0.51) (layer F.SilkS) (width 0.12))
    (fp_line (start 0.8 0.4) (end -0.8 0.4) (layer F.Fab) (width 0.1))
    (fp_line (start 0.8 -0.4) (end 0.8 0.4) (layer F.Fab) (width 0.1))
    (fp_line (start -0.8 -0.4) (end 0.8 -0.4) (layer F.Fab) (width 0.1))
    (fp_line (start -0.8 0.4) (end -0.8 -0.4) (layer F.Fab) (width 0.1))
    (pad 2 smd roundrect (at 0.7875 0) (size 0.875 0.95) (layers F.Cu F.Paste F.Mask) (roundrect_rratio 0.25)
      (net 1 GND))
    (pad 1 smd roundrect (at -0.7875 0) (size 0.875 0.95) (layers F.Cu F.Paste F.Mask) (roundrect_rratio 0.25)
      (net 8 +3V3))
    (model ${KISYS3DMOD}/Capacitor_SMD.3dshapes/C_0603_1608Metric.wrl
      (at (xyz 0 0 0))
      (scale (xyz 1 1 1))
      (rotate (xyz 0 0 0))
    )
  )

  (module Capacitor_SMD:C_0603_1608Metric (layer F.Cu) (tedit 5B301BBE) (tstamp 5E8CD93C)
    (at 186.2075 106.68)
    (descr "Capacitor SMD 0603 (1608 Metric), square (rectangular) end terminal, IPC_7351 nominal, (Body size source: http://www.tortai-tech.com/upload/download/2011102023233369053.pdf), generated with kicad-footprint-generator")
    (tags capacitor)
    (path /62AEC30F)
    (attr smd)
    (fp_text reference C9 (at 0 -1.43) (layer F.SilkS)
      (effects (font (size 1 1) (thickness 0.15)))
    )
    (fp_text value 0u1 (at 0 1.43) (layer F.Fab)
      (effects (font (size 1 1) (thickness 0.15)))
    )
    (fp_line (start -0.8 0.4) (end -0.8 -0.4) (layer F.Fab) (width 0.1))
    (fp_line (start -0.8 -0.4) (end 0.8 -0.4) (layer F.Fab) (width 0.1))
    (fp_line (start 0.8 -0.4) (end 0.8 0.4) (layer F.Fab) (width 0.1))
    (fp_line (start 0.8 0.4) (end -0.8 0.4) (layer F.Fab) (width 0.1))
    (fp_line (start -0.162779 -0.51) (end 0.162779 -0.51) (layer F.SilkS) (width 0.12))
    (fp_line (start -0.162779 0.51) (end 0.162779 0.51) (layer F.SilkS) (width 0.12))
    (fp_line (start -1.48 0.73) (end -1.48 -0.73) (layer F.CrtYd) (width 0.05))
    (fp_line (start -1.48 -0.73) (end 1.48 -0.73) (layer F.CrtYd) (width 0.05))
    (fp_line (start 1.48 -0.73) (end 1.48 0.73) (layer F.CrtYd) (width 0.05))
    (fp_line (start 1.48 0.73) (end -1.48 0.73) (layer F.CrtYd) (width 0.05))
    (fp_text user %R (at 0 0) (layer F.Fab)
      (effects (font (size 0.4 0.4) (thickness 0.06)))
    )
    (pad 1 smd roundrect (at -0.7875 0) (size 0.875 0.95) (layers F.Cu F.Paste F.Mask) (roundrect_rratio 0.25)
      (net 8 +3V3))
    (pad 2 smd roundrect (at 0.7875 0) (size 0.875 0.95) (layers F.Cu F.Paste F.Mask) (roundrect_rratio 0.25)
      (net 1 GND))
    (model ${KISYS3DMOD}/Capacitor_SMD.3dshapes/C_0603_1608Metric.wrl
      (at (xyz 0 0 0))
      (scale (xyz 1 1 1))
      (rotate (xyz 0 0 0))
    )
  )

  (module Capacitor_SMD:C_0603_1608Metric (layer F.Cu) (tedit 5B301BBE) (tstamp 5E8CD94D)
    (at 184.785 115.57)
    (descr "Capacitor SMD 0603 (1608 Metric), square (rectangular) end terminal, IPC_7351 nominal, (Body size source: http://www.tortai-tech.com/upload/download/2011102023233369053.pdf), generated with kicad-footprint-generator")
    (tags capacitor)
    (path /62AEB26C)
    (attr smd)
    (fp_text reference C10 (at 0 -1.43) (layer F.SilkS)
      (effects (font (size 1 1) (thickness 0.15)))
    )
    (fp_text value 1u (at 0 1.43) (layer F.Fab)
      (effects (font (size 1 1) (thickness 0.15)))
    )
    (fp_line (start -0.8 0.4) (end -0.8 -0.4) (layer F.Fab) (width 0.1))
    (fp_line (start -0.8 -0.4) (end 0.8 -0.4) (layer F.Fab) (width 0.1))
    (fp_line (start 0.8 -0.4) (end 0.8 0.4) (layer F.Fab) (width 0.1))
    (fp_line (start 0.8 0.4) (end -0.8 0.4) (layer F.Fab) (width 0.1))
    (fp_line (start -0.162779 -0.51) (end 0.162779 -0.51) (layer F.SilkS) (width 0.12))
    (fp_line (start -0.162779 0.51) (end 0.162779 0.51) (layer F.SilkS) (width 0.12))
    (fp_line (start -1.48 0.73) (end -1.48 -0.73) (layer F.CrtYd) (width 0.05))
    (fp_line (start -1.48 -0.73) (end 1.48 -0.73) (layer F.CrtYd) (width 0.05))
    (fp_line (start 1.48 -0.73) (end 1.48 0.73) (layer F.CrtYd) (width 0.05))
    (fp_line (start 1.48 0.73) (end -1.48 0.73) (layer F.CrtYd) (width 0.05))
    (fp_text user %R (at 0 0) (layer F.Fab)
      (effects (font (size 0.4 0.4) (thickness 0.06)))
    )
    (pad 1 smd roundrect (at -0.7875 0) (size 0.875 0.95) (layers F.Cu F.Paste F.Mask) (roundrect_rratio 0.25)
      (net 8 +3V3))
    (pad 2 smd roundrect (at 0.7875 0) (size 0.875 0.95) (layers F.Cu F.Paste F.Mask) (roundrect_rratio 0.25)
      (net 1 GND))
    (model ${KISYS3DMOD}/Capacitor_SMD.3dshapes/C_0603_1608Metric.wrl
      (at (xyz 0 0 0))
      (scale (xyz 1 1 1))
      (rotate (xyz 0 0 0))
    )
  )

  (module Capacitor_SMD:C_0603_1608Metric (layer F.Cu) (tedit 5B301BBE) (tstamp 5E8CD95E)
    (at 185.5725 112.395)
    (descr "Capacitor SMD 0603 (1608 Metric), square (rectangular) end terminal, IPC_7351 nominal, (Body size source: http://www.tortai-tech.com/upload/download/2011102023233369053.pdf), generated with kicad-footprint-generator")
    (tags capacitor)
    (path /62AEBB87)
    (attr smd)
    (fp_text reference C11 (at 0 -1.43) (layer F.SilkS)
      (effects (font (size 1 1) (thickness 0.15)))
    )
    (fp_text value 0u1 (at 0 1.43) (layer F.Fab)
      (effects (font (size 1 1) (thickness 0.15)))
    )
    (fp_text user %R (at 0 0) (layer F.Fab)
      (effects (font (size 0.4 0.4) (thickness 0.06)))
    )
    (fp_line (start 1.48 0.73) (end -1.48 0.73) (layer F.CrtYd) (width 0.05))
    (fp_line (start 1.48 -0.73) (end 1.48 0.73) (layer F.CrtYd) (width 0.05))
    (fp_line (start -1.48 -0.73) (end 1.48 -0.73) (layer F.CrtYd) (width 0.05))
    (fp_line (start -1.48 0.73) (end -1.48 -0.73) (layer F.CrtYd) (width 0.05))
    (fp_line (start -0.162779 0.51) (end 0.162779 0.51) (layer F.SilkS) (width 0.12))
    (fp_line (start -0.162779 -0.51) (end 0.162779 -0.51) (layer F.SilkS) (width 0.12))
    (fp_line (start 0.8 0.4) (end -0.8 0.4) (layer F.Fab) (width 0.1))
    (fp_line (start 0.8 -0.4) (end 0.8 0.4) (layer F.Fab) (width 0.1))
    (fp_line (start -0.8 -0.4) (end 0.8 -0.4) (layer F.Fab) (width 0.1))
    (fp_line (start -0.8 0.4) (end -0.8 -0.4) (layer F.Fab) (width 0.1))
    (pad 2 smd roundrect (at 0.7875 0) (size 0.875 0.95) (layers F.Cu F.Paste F.Mask) (roundrect_rratio 0.25)
      (net 1 GND))
    (pad 1 smd roundrect (at -0.7875 0) (size 0.875 0.95) (layers F.Cu F.Paste F.Mask) (roundrect_rratio 0.25)
      (net 8 +3V3))
    (model ${KISYS3DMOD}/Capacitor_SMD.3dshapes/C_0603_1608Metric.wrl
      (at (xyz 0 0 0))
      (scale (xyz 1 1 1))
      (rotate (xyz 0 0 0))
    )
  )

  (module Capacitor_SMD:C_0603_1608Metric (layer F.Cu) (tedit 5B301BBE) (tstamp 5E8CD96F)
    (at 5.715 128.905 180)
